2.01313028	8287.76967485
2.03913028	8444.10691369
2.06513028	8952.36344714
2.09113028	7237.64356395
2.11713028	6393.88241122
2.14313028	6689.88581410
2.16913028	6105.79879367
2.19513028	5610.65606201
2.22113028	5499.41247824
2.24713028	5939.41485460
2.27313028	5715.81473188
2.29913028	5344.06215690
2.32513028	5167.57220313
2.35113028	5080.19040854
2.37713028	4530.13792432
2.40313028	4422.15028180
2.42913028	4970.73446438
2.45513028	4606.89409096
2.48113028	3859.35368939
2.50713028	3874.69019668
2.53313028	3820.57001600
2.55913028	3541.18925664
2.58513028	3833.87207585
2.61113028	3760.59730736
2.63713028	3034.57415210
2.66313028	2879.88837464
2.68913028	3172.58544304
2.71513028	3021.08430284
2.74113028	2750.31325464
2.76713028	2635.21898274
2.79313028	2826.67567237
2.81913028	3188.95983582
2.84513028	3107.70541204
2.87113028	2716.87831398
2.89713028	2603.31403708
2.92313028	2563.41710835
2.94913028	2568.56396386
2.97513028	2496.58597554
3.00113028	2464.96522670
3.02713028	2473.61441892
3.05313028	2456.68860081
3.07913028	2533.44671575
3.10513028	2619.79747302
3.13113028	2537.55378541
3.15713028	2535.91227855
3.18313028	2557.74469367
3.20913028	2599.38633675
3.23513028	2430.58805234
3.26113028	2135.23759521
3.28713028	2163.94208464
3.31313028	2283.47982472
3.33913028	2254.36012046
3.36513028	2115.30726659
3.39113028	2171.45823510
3.41713028	2287.57260773
3.44313028	2188.10642841
3.46913028	2196.93599337
3.49513028	2194.44847418
3.52113028	2136.42885632
3.54713028	2080.07797899
3.57313028	1973.37659422
3.59913028	1847.16949605
3.62513028	1861.98041137
3.65113028	1983.51973134
3.67713028	1845.45112646
3.70313028	1765.61093810
3.72913028	1749.41723037
3.75513028	1815.46553937
3.78113028	1804.08951661
3.80713028	1741.30461896
3.83313028	1567.82767013
3.85913028	1465.19688462
3.88513028	1682.38986452
3.91113028	1829.13375890
3.93713028	1762.84764719
3.96313028	1544.76545631
3.98913028	1499.24697605
4.01513028	1510.63681866
4.04113028	1235.38526313
4.06713028	1388.09628273
4.09313028	1679.46089481
4.11913028	1572.71884748
4.14513028	1402.51207366
4.17113028	1602.03421194
4.19713028	1476.07068624
4.22313028	1432.76991735
4.24913028	1228.78552940
4.27513028	1366.34181511
4.30113028	1374.94372040
4.32713028	1298.04384387
4.35313028	1386.40801401
4.37913028	1326.13149645
4.40513028	1559.39382894
4.43113028	1531.60044472
4.45713028	1149.16201483
4.48313028	1313.42571429
4.50913028	1260.85893151
4.53513028	1328.28481539
4.56113028	1379.43408161
4.58713028	1199.35030757
4.61313028	1201.40335970
4.63913028	1489.21661578
4.66513028	1559.77337301
4.69113028	1358.46501713
4.71713028	1249.36520767
4.74313028	1038.81419962
4.76913028	1155.89198948
4.79513028	1272.57631956
4.82113028	1224.34344866
4.84713028	1445.53396947
4.87313028	1401.32063550
4.89913028	1191.18945401
4.92513028	1189.99649199
4.95113028	1348.47770850
4.97713028	1424.08328370
5.00313028	1467.93974002
5.02913028	1264.94883922
5.05513028	1402.44449378
5.08113028	1291.95249536
5.10713028	1517.33664558
5.13313028	1384.73670372
5.15913028	1366.43766978
5.18513028	1242.25264037
5.21113028	1263.65045342
5.23713028	1408.83662452
5.26313028	1202.99400069
5.28913028	1283.33867376
5.31513028	1435.91192656
5.34113028	1415.82693477
5.36713028	1557.42322235
5.39313028	1503.78226008
5.41913028	1343.14487179
5.44513028	1313.72132617
5.47113028	1369.23983226
5.49713028	1296.13297260
5.52313028	1395.48901027
5.54913028	1335.69572436
5.57513028	1319.61625488
5.60113028	1405.88088442
5.62713028	1476.72667892
5.65313028	1480.51548549
5.67913028	1402.88689572
5.70513028	1176.90283074
5.73113028	1230.62937944
5.75713028	1390.05163638
5.78313028	1577.78939648
5.80913028	1551.15263388
5.83513028	1307.98832603
5.86113028	1313.48225965
5.88713028	1434.26786602
5.91313028	1454.43033844
5.93913028	1372.46714224
5.96513028	1336.82362207
5.99113028	1399.89323936
6.01713028	1379.61597666
6.04313028	1447.56474822
6.06913028	1490.19236365
6.09513028	1390.34327335
6.12113028	1346.03458423
6.14713028	1425.18501430
6.17313028	1514.74145175
6.19913028	1379.12445012
6.22513028	1281.02503547
6.25113028	1255.73466293
6.27713028	1222.03683649
6.30313028	1368.50934945
6.32913028	1443.68964340
6.35513028	1390.04257695
6.38113028	1234.88091134
6.40713028	1402.81818349
6.43313028	1505.29349300
6.45913028	1487.74432989
6.48513028	1573.75139506
6.51113028	1426.33333329
6.53713028	1240.91438637
6.56313028	1316.08904486
6.58913028	1403.09145985
6.61513028	1337.13020070
6.64113028	1234.83320735
6.66713028	1474.23990822
6.69313028	1570.03006494
6.71913028	1537.65249660
6.74513028	1427.28706855
6.77113028	1609.39096309
6.79713028	1348.51829184
6.82313028	1270.44648924
6.84913028	1291.42898364
6.87513028	1500.80776968
6.90113028	1367.94135375
6.92713028	1208.06661113
6.95313028	1342.36634207
6.97913028	1421.54314073
7.00513028	1538.78260423
7.03113028	1317.03288049
7.05713028	1525.08375701
7.08313028	1626.45881292
7.10913028	1231.52249199
7.13513028	1445.00462831
7.16113028	1248.63452406
7.18713028	1516.18447116
7.21313028	1396.90367227
7.23913028	1321.30603942
7.26513028	1488.02235562
7.29113028	1426.19627032
7.31713028	1239.45824955
7.34313028	1380.13979111
7.36913028	1403.99129329
7.39513028	1301.28723223
7.42113028	1372.16540224
7.44713028	1408.00061276
7.47313028	1505.46360519
7.49913028	1576.22942957
7.52513028	1589.19657628
7.55113028	1549.79285029
7.57713028	1402.45428463
7.60313028	1357.02688716
7.62913028	1516.38054323
7.65513028	1577.65726840
7.68113028	1378.16788758
7.70713028	1315.20599835
7.73313028	1454.18378480
7.75913028	1526.13166414
7.78513028	1508.77167011
7.81113028	1436.94508410
7.83713028	1578.34177280
7.86313028	1590.74816450
7.88913028	1622.24439580
7.91513028	1604.90495418
7.94113028	1555.65542224
7.96713028	1434.13560488
7.99313028	1373.11800257
8.01913028	1365.28717859
8.04513028	1612.43755332
8.07113028	1596.97302062
8.09713028	1395.72900310
8.12313028	1545.25699948
8.14913028	1732.11157073
8.17513028	1676.46464872
8.20113028	1636.09962575
8.22713028	1483.35507137
8.25313028	1257.12386002
8.27913028	1332.53534455
8.30513028	1558.98648927
8.33113028	1540.65118440
8.35713028	1555.28040079
8.38313028	1591.25924766
8.40913028	1454.74297418
8.43513028	1337.89308587
8.46113028	1373.68025963
8.48713028	1485.58551175
8.51313028	1557.67356680
8.53913028	1580.02464115
8.56513028	1542.03018896
8.59113028	1453.76587441
8.61713028	1430.89661624
8.64313028	1391.03289949
8.66913028	1270.31013486
8.69513028	1276.37245851
8.72113028	1443.53378867
8.74713028	1531.85948615
8.77313028	1470.18655225
8.79913028	1417.54019539
8.82513028	1491.08577026
8.85113028	1519.14343660
8.87713028	1342.06831791
8.90313028	1330.06746612
8.92913028	1443.67928922
8.95513028	1485.18497633
8.98113028	1625.24334135
9.00713028	1666.50570310
9.03313028	1466.81081526
9.05913028	1376.95475928
9.08513028	1444.67356445
9.11113028	1511.86731917
9.13713028	1495.38105554
9.16313028	1513.98839123
9.18913028	1499.94397478
9.21513028	1565.06815720
9.24113028	1541.46537853
9.26713028	1522.23698732
9.29313028	1419.14513879
9.31913028	1434.67631721
9.34513028	1365.98743066
9.37113028	1559.76013944
9.39713028	1661.51937228
9.42313028	1658.51981399
9.44913028	1590.42817677
9.47513028	1520.59515675
9.50113028	1422.09110596
9.52713028	1499.08391064
9.55313028	1478.76160829
9.57913028	1520.80525766
9.60513028	1601.27995175
9.63113028	1403.57393730
9.65713028	1389.17481724
9.68313028	1501.64510473
9.70913028	1371.15270766
9.73513028	1526.85543812
9.76113028	1481.55213295
9.78713028	1420.42669281
9.81313028	1512.47348073
9.83913028	1414.91311236
9.86513028	1405.16943250
9.89113028	1375.85883418
9.91713028	1476.98741716
9.94313028	1566.96827130
9.96913028	1526.90224662
9.99513028	1460.20667619
10.02113028	1426.52376296
10.04713028	1267.17639895
10.07313028	1423.25693160
10.09913028	1441.99726408
10.12513028	1384.69624844
10.15113028	1247.42814849
10.17713028	1257.87427287
10.20313028	1440.44562378
10.22913028	1600.65433360
10.25513028	1358.83018443
10.28113028	1392.05282559
10.30713028	1366.58882877
10.33313028	1376.09345074
10.35913028	1500.11200114
10.38513028	1330.14557756
10.41113028	1376.93614099
10.43713028	1355.85785288
10.46313028	1346.06435097
10.48913028	1380.00368887
10.51513028	1433.57131677
10.54113028	1366.16950304
10.56713028	1241.01115243
10.59313028	1363.13154203
10.61913028	1475.59938580
10.64513028	1351.07286408
10.67113028	1315.97935788
10.69713028	1414.46333610
10.72313028	1261.97646145
10.74913028	1233.10846668
10.77513028	1279.07579780
10.80113028	1355.91289120
10.82713028	1429.23633910
10.85313028	1369.48468581
10.87913028	1336.34180801
10.90513028	1325.57295814
10.93113028	1340.73376662
10.95713028	1256.16455704
10.98313028	1158.20213681
11.00913028	1255.36308278
11.03513028	1397.19901112
11.06113028	1371.69169901
11.08713028	1334.39257484
11.11313028	1344.36273476
11.13913028	1377.92705501
11.16513028	1391.92281490
11.19113028	1356.82446494
11.21713028	1266.15453263
11.24313028	1241.84244084
11.26913028	1310.37881601
11.29513028	1345.15100747
11.32113028	1306.11715703
11.34713028	1274.76574946
11.37313028	1377.36842793
11.39913028	1364.34028111
11.42513028	1271.69290552
11.45113028	1311.58732530
11.47713028	1372.17868002
11.50313028	1339.17988795
11.52913028	1289.16648825
11.55513028	1311.24784082
11.58113028	1253.45226478
11.60713028	1297.65988487
11.63313028	1268.31095269
11.65913028	1163.80885315
11.68513028	1281.22958463
11.71113028	1385.81916909
11.73713028	1360.54427427
11.76313028	1303.22189938
11.78913028	1271.13625229
11.81513028	1274.17721764
11.84113028	1173.92705660
11.86713028	1163.83764530
11.89313028	1229.29843191
11.91913028	1246.94316223
11.94513028	1250.93873803
11.97113028	1337.06016454
11.99713028	1423.34402568
12.02313028	1443.96287545
12.04913028	1295.28643670
12.07513028	1130.58566775
12.10113028	1271.64160672
12.12713028	1225.01059664
12.15313028	1118.00864255
12.17913028	1173.54884157
12.20513028	1307.46744265
12.23113028	1248.38696668
12.25713028	1287.43414256
12.28313028	1317.51349835
12.30913028	1338.55529574
12.33513028	1374.61564243
12.36113028	1380.02485830
12.38713028	1188.78796602
12.41313028	1160.03672253
12.43913028	1300.35742428
12.46513028	1252.68597495
12.49113028	1323.24427142
12.51713028	1317.60479420
12.54313028	1327.67891473
12.56913028	1347.97677187
12.59513028	1407.99240226
12.62113028	1326.20115483
12.64713028	1148.92621496
12.67313028	1287.38398149
12.69913028	1241.35857843
12.72513028	1169.82253059
12.75113028	1333.79066961
12.77713028	1296.82993163
12.80313028	1300.83330928
12.82913028	1186.04075355
12.85513028	1356.28605206
12.88113028	1412.19330385
12.90713028	1291.97041744
12.93313028	1257.55983419
12.95913028	1236.99849320
12.98513028	1307.89810909
13.01113028	1203.93863198
13.03713028	1263.59491731
13.06313028	1353.08631057
13.08913028	1327.68589278
13.11513028	1241.02385628
13.14113028	1216.66458942
13.16713028	1286.53174760
13.19313028	1502.89303899
13.21913028	1443.50731784
13.24513028	1219.54604874
13.27113028	1289.22498847
13.29713028	1347.65559167
13.32313028	1311.26513695
13.34913028	1316.95762597
13.37513028	1284.52004928
13.40113028	1393.61544612
13.42713028	1506.69493349
13.45313028	1432.09547289
13.47913028	1263.92707508
13.50513028	1254.60825575
13.53113028	1365.33471116
13.55713028	1412.96151883
13.58313028	1363.38419947
13.60913028	1384.56244819
13.63513028	1394.47807822
13.66113028	1389.46086639
13.68713028	1312.31751786
13.71313028	1210.73241190
13.73913028	1189.83940493
13.76513028	1249.83804875
13.79113028	1382.23084562
13.81713028	1413.01631132
13.84313028	1394.50019103
13.86913028	1418.03611360
13.89513028	1422.51852832
13.92113028	1373.61815236
13.94713028	1244.06532484
13.97313028	1196.42929330
13.99913028	1273.70709138
14.02513028	1440.83433699
14.05113028	1501.14281102
14.07713028	1432.34886947
14.10313028	1424.03802836
14.12913028	1463.32051437
14.15513028	1497.26463444
14.18113028	1406.46687608
14.20713028	1405.03024794
14.23313028	1455.93755374
14.25913028	1484.89084569
14.28513028	1417.69858173
14.31113028	1421.35498518
14.33713028	1340.98058830
14.36313028	1391.07555101
14.38913028	1464.70485267
14.41513028	1486.30930295
14.44113028	1416.44484996
14.46713028	1415.65843992
14.49313028	1394.51977169
14.51913028	1444.72298737
14.54513028	1385.67392871
14.57113028	1416.88939264
14.59713028	1445.73973024
14.62313028	1533.78015967
14.64913028	1531.28743791
14.67513028	1493.18114596
14.70113028	1458.51882466
14.72713028	1447.45605571
14.75313028	1567.49764518
14.77913028	1467.44297876
14.80513028	1465.67775736
14.83113028	1437.70496384
14.85713028	1620.15714440
14.88313028	1511.35688080
14.90913028	1490.35077878
14.93513028	1501.37040810
14.96113028	1550.45625499
14.98713028	1540.53954475
15.01313028	1524.66612929
15.03913028	1819.22285072
15.06513028	1677.78372172
15.09113028	1566.23464889
15.11713028	1584.79983722
15.14313028	1572.06128131
15.16913028	1578.97902560
15.19513028	1575.60647617
15.22113028	1647.32903207
15.24713028	1654.24755532
15.27313028	1743.89061207
15.29913028	1681.85411704
15.32513028	1592.08012022
15.35113028	1562.98589762
15.37713028	1685.06351864
15.40313028	1702.53291524
15.42913028	1657.04412506
15.45513028	1607.04844589
15.48113028	1634.89033613
15.50713028	1660.42866828
15.53313028	1760.38396568
15.55913028	1683.76852124
15.58513028	1721.19456144
15.61113028	1607.99474937
15.63713028	1592.23964609
15.66313028	1599.11882463
15.68913028	1671.81446486
15.71513028	1699.97506928
15.74113028	1762.05934343
15.76713028	1714.76825087
15.79313028	1552.62725637
15.81913028	1516.91198479
15.84513028	1522.21233225
15.87113028	1668.67889376
15.89713028	1725.54897118
15.92313028	1751.07757973
15.94913028	1675.65524625
15.97513028	1565.51571150
16.00113028	1630.51909179
16.02713028	1724.15621909
16.05313028	1693.23940800
16.07913028	1655.64295492
16.10513028	1730.48042227
16.13113028	1705.21560060
16.15713028	1713.23927545
16.18313028	1789.32144549
16.20913028	1794.59452944
16.23513028	1844.66113516
16.26113028	1746.32834367
16.28713028	1692.17854904
16.31313028	1831.25497318
16.33913028	1834.93903226
16.36513028	1802.18120258
16.39113028	1797.26836152
16.41713028	1767.60601498
16.44313028	1765.78203467
16.46913028	1726.13094852
16.49513028	1743.53212275
16.52113028	1823.45088041
16.54713028	1773.37184121
16.57313028	1749.14464646
16.59913028	1898.11621832
16.62513028	1855.54048995
16.65113028	1742.26637783
16.67713028	1753.10813482
16.70313028	1670.15363346
16.72913028	1694.65875387
16.75513028	1837.04990360
16.78113028	1830.31304026
16.80713028	1747.80807758
16.83313028	1742.05588369
16.85913028	1821.34653481
16.88513028	1804.84864605
16.91113028	1710.64062357
16.93713028	1766.31060666
16.96313028	1792.56102386
16.98913028	1835.18754959
17.01513028	1844.18074889
17.04113028	1871.19233555
17.06713028	1750.43945763
17.09313028	1738.15519341
17.11913028	1739.52325456
17.14513028	1719.49374284
17.17113028	1717.26462599
17.19713028	1814.08223387
17.22313028	1691.79729387
17.24913028	1798.44052009
17.27513028	1878.06672888
17.30113028	1747.89478142
17.32713028	1793.99125573
17.35313028	1875.87334783
17.37913028	1879.23953764
17.40513028	1918.81510626
17.43113028	1968.52009641
17.45713028	1970.91190388
17.48313028	1910.29721724
17.50913028	1854.15239700
17.53513028	1950.04941517
17.56113028	2013.39487271
17.58713028	2025.21175066
17.61313028	2076.23744845
17.63913028	2079.66589312
17.66513028	2148.19841130
17.69113028	2104.78948489
17.71713028	2156.96585280
17.74313028	2060.99424393
17.76913028	2208.60779967
17.79513028	2282.67518529
17.82113028	2070.21286926
17.84713028	2125.64344595
17.87313028	2176.06976548
17.89913028	2094.52235808
17.92513028	2151.75714870
17.95113028	2122.17289036
17.97713028	2254.38244763
18.00313028	2224.27817791
18.02913028	2107.23446706
18.05513028	2177.30774251
18.08113028	2233.33595516
18.10713028	2239.68220617
18.13313028	2456.00859551
18.15913028	2366.88637519
18.18513028	2316.30735914
18.21113028	2235.07689779
18.23713028	2321.32281278
18.26313028	2382.67667863
18.28913028	2364.49527568
18.31513028	2454.72472696
18.34113028	2582.77635391
18.36713028	2513.23930172
18.39313028	2499.60143122
18.41913028	2475.49970034
18.44513028	2427.01755615
18.47113028	2341.59008033
18.49713028	2321.74357749
18.52313028	2458.51784780
18.54913028	2535.86765476
18.57513028	2521.10994919
18.60113028	2523.24856092
18.62713028	2399.54319859
18.65313028	2397.79601828
18.67913028	2355.80941139
18.70513028	2351.61111058
18.73113028	2341.15657647
18.75713028	2334.47291753
18.78313028	2375.98744608
18.80913028	2519.27593996
18.83513028	2628.62194584
18.86113028	2535.82521076
18.88713028	2394.32804487
18.91313028	2427.28178654
18.93913028	2472.33068176
18.96513028	2441.81610076
18.99113028	2453.87510165
19.01713028	2500.28381469
19.04313028	2551.03999079
19.06913028	2634.90807153
19.09513028	2613.29977693
19.12113028	2549.10970535
19.14713028	2572.50812616
19.17313028	2593.08186812
19.19913028	2593.81594100
19.22513028	2562.60820919
19.25113028	2538.70059642
19.27713028	2515.15389195
19.30313028	2591.12101069
19.32913028	2698.38742187
19.35513028	2609.86138470
19.38113028	2636.62330234
19.40713028	2688.32425717
19.43313028	2678.18101465
19.45913028	2619.16426206
19.48513028	2508.47659912
19.51113028	2603.60822165
19.53713028	2707.77924276
19.56313028	2659.75304315
19.58913028	2634.16737766
19.61513028	2704.49277343
19.64113028	2751.78069741
19.66713028	2739.33143898
19.69313028	2765.73507548
19.71913028	2800.75662480
19.74513028	2769.34315560
19.77113028	2820.67894162
19.79713028	2976.84625184
19.82313028	2962.29118671
19.84913028	2794.65697622
19.87513028	2940.39946600
19.90113028	3288.25863987
19.92713028	3225.02481803
19.95313028	3217.20339993
19.97913028	3248.16420703
20.00513028	3419.38360572
20.03113028	3440.41802931
20.05713028	3308.27721322
20.08313028	3553.58111655
20.10913028	3606.92321557
20.13513028	3723.48400544
20.16113028	3700.09720068
20.18713028	3698.29471077
20.21313028	3686.55447588
20.23913028	3775.85207984
20.26513028	3748.57000296
20.29113028	3801.15939838
20.31713028	3809.36008360
20.34313028	3812.89525679
20.36913028	3936.38832383
20.39513028	4014.85505560
20.42113028	3894.64004448
20.44713028	3720.46502602
20.47313028	3719.15411689
20.49913028	3769.02404999
20.52513028	3867.03502894
20.55113028	3924.10577417
20.57713028	3963.21320025
20.60313028	3810.06323772
20.62913028	3765.99261542
20.65513028	3631.70392931
20.68113028	3988.59123312
20.70713028	4037.08280013
20.73313028	4030.85575886
20.75913028	3766.44198632
20.78513028	3834.95640854
20.81113028	3797.50951070
20.83713028	3769.44215908
20.86313028	3611.23394247
20.88913028	3468.44445983
20.91513028	3557.33404654
20.94113028	3707.05669426
20.96713028	3682.14415502
20.99313028	3647.28512911
21.01913028	3645.24413919
21.04513028	3462.45110876
21.07113028	3395.18181072
21.09713028	3276.32513729
21.12313028	3194.42014235
21.14913028	3213.21968952
21.17513028	3277.12201545
21.20113028	3231.59631110
21.22713028	3187.78699426
21.25313028	3194.23105616
21.27913028	3156.52962266
21.30513028	2991.78124625
21.33113028	3023.37228649
21.35713028	3027.38448670
21.38313028	2958.23050466
21.40913028	2883.43579975
21.43513028	2794.73468084
21.46113028	2849.64330971
21.48713028	2805.52092806
21.51313028	2687.08503967
21.53913028	2619.77395804
21.56513028	2614.62292417
21.59113028	2660.84055164
21.61713028	2609.27987801
21.64313028	2511.60928590
21.66913028	2446.03920583
21.69513028	2443.57645702
21.72113028	2443.35073897
21.74713028	2374.91293292
21.77313028	2356.76687534
21.79913028	2289.07508255
21.82513028	2192.53863850
21.85113028	2163.46517348
21.87713028	2065.93869670
21.90313028	2006.64025705
21.92913028	2051.41078748
21.95513028	2095.73025024
21.98113028	2059.97143088
22.00713028	1986.86081142
22.03313028	2005.36832197
22.05913028	1989.50366576
22.08513028	1864.71875877
22.11113028	1804.18926663
22.13713028	1924.43664160
22.16313028	1989.07747913
22.18913028	1863.39612112
22.21513028	1812.12176008
22.24113028	1847.08399891
22.26713028	1906.73343235
22.29313028	1916.70564765
22.31913028	1935.48947055
22.34513028	1913.20131132
22.37113028	1887.03510223
22.39713028	1801.45154313
22.42313028	1806.11492554
22.44913028	1866.25644159
22.47513028	1797.29400233
22.50113028	1776.27323564
22.52713028	1761.81270076
22.55313028	1743.32573293
22.57913028	1694.62398813
22.60513028	1693.65988722
22.63113028	1702.03563493
22.65713028	1780.17773803
22.68313028	1716.93412696
22.70913028	1595.67408357
22.73513028	1648.99299532
22.76113028	1763.91698765
22.78713028	1604.61014460
22.81313028	1656.67436577
22.83913028	1635.75027044
22.86513028	1667.38648797
22.89113028	1708.13679204
22.91713028	1673.24000208
22.94313028	1673.10045193
22.96913028	1700.30019735
22.99513028	1715.47161107
23.02113028	1643.52893251
23.04713028	1543.60730078
23.07313028	1501.23368568
23.09913028	1461.54302607
23.12513028	1601.48099316
23.15113028	1641.05629593
23.17713028	1634.91899798
23.20313028	1693.95532383
23.22913028	1641.84998948
23.25513028	1517.22228233
23.28113028	1471.54580568
23.30713028	1452.47686135
23.33313028	1520.74264210
23.35913028	1520.03562803
23.38513028	1548.69449838
23.41113028	1524.83558742
23.43713028	1583.45225793
23.46313028	1623.14830735
23.48913028	1547.03776039
23.51513028	1569.93587183
23.54113028	1569.78659692
23.56713028	1550.57042422
23.59313028	1452.51135600
23.61913028	1462.77554523
23.64513028	1507.80887880
23.67113028	1599.81298745
23.69713028	1568.43546098
23.72313028	1552.30274766
23.74913028	1453.67790795
23.77513028	1430.78332651
23.80113028	1434.44499666
23.82713028	1438.92872278
23.85313028	1444.83805377
23.87913028	1509.38221806
23.90513028	1529.38446368
23.93113028	1476.96650417
23.95713028	1492.61093649
23.98313028	1505.90058331
24.00913028	1470.44461171
24.03513028	1453.21515875
24.06113028	1447.57991742
24.08713028	1428.98271455
24.11313028	1429.76159103
24.13913028	1458.53754887
24.16513028	1445.37545290
24.19113028	1429.37554274
24.21713028	1461.41628183
24.24313028	1486.08549695
24.26913028	1493.74039826
24.29513028	1469.67699889
24.32113028	1399.52010932
24.34713028	1350.13395156
24.37313028	1412.73978063
24.39913028	1487.72234003
24.42513028	1445.74852711
24.45113028	1426.72490943
24.47713028	1447.35208778
24.50313028	1452.66297132
24.52913028	1454.74949688
24.55513028	1436.62800948
24.58113028	1431.27391524
24.60713028	1442.82244307
24.63313028	1373.27342744
24.65913028	1401.47927224
24.68513028	1430.61372416
24.71113028	1328.18574456
24.73713028	1305.83833986
24.76313028	1445.29526751
24.78913028	1358.13765265
24.81513028	1300.14885241
24.84113028	1382.66489108
24.86713028	1400.75575868
24.89313028	1330.46644868
24.91913028	1395.99986838
24.94513028	1416.37310898
24.97113028	1362.04244207
24.99713028	1395.46448557
25.02313028	1268.58431647
25.04913028	1263.75739205
25.07513028	1354.48976865
25.10113028	1333.14615120
25.12713028	1327.65915358
25.15313028	1401.29153981
25.17913028	1400.25403377
25.20513028	1434.91320175
25.23113028	1480.32209167
25.25713028	1383.87385821
25.28313028	1266.49757348
25.30913028	1340.20152493
25.33513028	1338.28838034
25.36113028	1324.99190594
25.38713028	1308.97189634
25.41313028	1320.92215322
25.43913028	1384.62802760
25.46513028	1373.86810315
25.49113028	1366.13786550
25.51713028	1362.67335471
25.54313028	1274.37351947
25.56913028	1317.49845421
25.59513028	1324.55324221
25.62113028	1302.85256346
25.64713028	1203.81295117
25.67313028	1209.05665043
25.69913028	1331.12958845
25.72513028	1437.72987094
25.75113028	1372.80796547
25.77713028	1339.83298420
25.80313028	1215.61077121
25.82913028	1199.99622091
25.85513028	1219.45529126
25.88113028	1224.34882750
25.90713028	1259.87083409
25.93313028	1315.90200730
25.95913028	1347.36920616
25.98513028	1358.73738727
26.01113028	1290.80223261
26.03713028	1276.05291289
26.06313028	1239.93615837
26.08913028	1113.92199590
26.11513028	1217.75966404
26.14113028	1343.50188515
26.16713028	1397.70254308
26.19313028	1283.85509033
26.21913028	1342.95230005
26.24513028	1281.06777379
26.27113028	1236.48456074
26.29713028	1178.45225117
26.32313028	1239.42569049
26.34913028	1335.86282170
26.37513028	1242.93550701
26.40113028	1269.29433179
26.42713028	1337.90091846
26.45313028	1281.29858710
26.47913028	1225.47544890
26.50513028	1235.69746093
26.53113028	1274.92089435
26.55713028	1277.22097953
26.58313028	1202.78490302
26.60913028	1208.56038832
26.63513028	1234.00541653
26.66113028	1260.89219331
26.68713028	1249.85397235
26.71313028	1211.00798904
26.73913028	1219.40159994
26.76513028	1230.35023031
26.79113028	1197.94004098
26.81713028	1199.83290543
26.84313028	1230.83263986
26.86913028	1255.81711933
26.89513028	1270.06083242
26.92113028	1269.87442804
26.94713028	1226.81158073
26.97313028	1232.74965262
26.99913028	1231.55214802
27.02513028	1159.02023238
27.05113028	1188.86136440
27.07713028	1242.57603284
27.10313028	1206.57045341
27.12913028	1161.02397162
27.15513028	1182.30905990
27.18113028	1179.90709680
27.20713028	1205.98888608
27.23313028	1198.95307008
27.25913028	1225.62163938
27.28513028	1259.05963074
27.31113028	1199.35308177
27.33713028	1170.12358051
27.36313028	1105.39017381
27.38913028	1145.63445905
27.41513028	1214.59793086
27.44113028	1163.54285471
27.46713028	1157.22783415
27.49313028	1222.88662706
27.51913028	1211.47159839
27.54513028	1271.58951380
27.57113028	1262.88046544
27.59713028	1187.57849414
27.62313028	1119.41252914
27.64913028	1163.66315553
27.67513028	1119.79336212
27.70113028	1192.35148799
27.72713028	1251.49333622
27.75313028	1176.39893240
27.77913028	1096.40096675
27.80513028	1018.81162497
27.83113028	1089.81220784
27.85713028	1080.91026598
27.88313028	1097.26859371
27.90913028	1166.24492329
27.93513028	1197.10938345
27.96113028	1280.23433620
27.98713028	1257.52282894
28.01313028	1150.81639615
28.03913028	1230.93143700
28.06513028	1172.45347149
28.09113028	1189.31886141
28.11713028	1235.02499045
28.14313028	1175.50236226
28.16913028	1256.19851220
28.19513028	1278.32227916
28.22113028	1280.69212975
28.24713028	1289.82931249
28.27313028	1269.35171754
28.29913028	1184.71522743
28.32513028	1176.19549878
28.35113028	1226.94859288
28.37713028	1245.45168639
28.40313028	1275.89850592
28.42913028	1130.03673937
28.45513028	1154.66106144
28.48113028	1196.76573599
28.50713028	1133.17931676
28.53313028	1204.27200524
28.55913028	1238.32536506
28.58513028	1232.14682414
28.61113028	1175.81733433
28.63713028	1203.02174816
28.66313028	1121.44589971
28.68913028	1124.47015812
28.71513028	1160.32279872
28.74113028	1127.09018668
28.76713028	1089.18805593
28.79313028	1189.98955896
28.81913028	1249.77979599
28.84513028	1157.71130260
28.87113028	1131.44974376
28.89713028	1133.92045102
28.92313028	1079.68684062
28.94913028	1081.96329141
28.97513028	1114.93606882
29.00113028	1160.93573313
29.02713028	1145.63802421
29.05313028	1169.63344369
29.07913028	1127.79900958
29.10513028	1136.34940173
29.13113028	1165.87213752
29.15713028	1171.40116038
29.18313028	1184.35881180
29.20913028	1199.17410010
29.23513028	1151.25874375
29.26113028	1104.35413167
29.28713028	1109.70870909
29.31313028	1111.86163422
29.33913028	1119.27962887
29.36513028	1127.45402566
29.39113028	1099.13299694
29.41713028	1046.58604460
29.44313028	1029.35883099
29.46913028	1047.03227795
29.49513028	1114.30050752
29.52113028	1152.47772652
29.54713028	1131.08230812
29.57313028	1115.71321226
29.59913028	1078.97972723
29.62513028	1078.44562983
29.65113028	1109.62521547
29.67713028	1050.37251626
29.70313028	1011.18499801
29.72913028	1089.36249569
29.75513028	1154.53351988
29.78113028	1122.46869174
29.80713028	1097.83721639
29.83313028	1090.75310235
29.85913028	1040.03524210
29.88513028	1057.31852865
29.91113028	1102.19297181
29.93713028	1105.02534350
29.96313028	1119.49543762
29.98913028	1093.81572048
30.01513028	1089.66032511
30.04113028	1174.92786888
30.06713028	1091.13709221
30.09313028	1089.18042889
30.11913028	1063.96104329
30.14513028	1154.44609988
30.17113028	1117.15504619
30.19713028	1085.28278602
30.22313028	1092.67279419
30.24913028	1116.73692144
30.27513028	1059.57296080
30.30113028	1086.82841128
30.32713028	1052.66825225
30.35313028	1094.64424588
30.37913028	1074.75037595
30.40513028	1095.42962456
30.43113028	1133.45260235
30.45713028	1096.08533823
30.48313028	1149.10172278
30.50913028	1123.30107373
30.53513028	1114.83873032
30.56113028	1196.76154866
30.58713028	1112.17902618
30.61313028	1060.00730724
30.63913028	1068.15958259
30.66513028	1094.48912182
30.69113028	1167.64635442
30.71713028	1161.21652239
30.74313028	1053.60735022
30.76913028	1128.98214568
30.79513028	1143.98380203
30.82113028	978.64680904
30.84713028	1019.37459551
30.87313028	1091.55522231
30.89913028	1031.46660567
30.92513028	1053.54653665
30.95113028	1144.02333495
30.97713028	1156.06829372
31.00313028	1101.46193695
31.02913028	1079.16915838
31.05513028	1073.15455103
31.08113028	1051.60808932
31.10713028	1033.71722197
31.13313028	1021.66513044
31.15913028	1069.96658025
31.18513028	1135.57560482
31.21113028	1141.64600553
31.23713028	1062.46484447
31.26313028	1072.34409662
31.28913028	1039.34122498
31.31513028	1059.16802594
31.34113028	1085.66499070
31.36713028	1103.92783619
31.39313028	1079.44409108
31.41913028	1023.39585442
31.44513028	1142.40794025
31.47113028	1143.59716887
31.49713028	1067.45585939
31.52313028	1130.44759322
31.54913028	1107.01238336
31.57513028	1060.72687565
31.60113028	1074.03971890
31.62713028	1097.37667407
31.65313028	1038.76140453
31.67913028	1065.41450803
31.70513028	1086.34286808
31.73113028	1089.08422861
31.75713028	1077.77993068
31.78313028	1046.47281159
31.80913028	1026.43500207
31.83513028	1029.06165055
31.86113028	1044.29817845
31.88713028	1086.27668970
31.91313028	1088.51763030
31.93913028	1030.21641301
31.96513028	1019.20966177
31.99113028	1042.65604553
32.01713028	1061.89111585
32.04313028	1085.68141331
32.06913028	1080.45729345
32.09513028	1043.67006452
32.12113028	1064.10429069
32.14713028	1104.00307068
32.17313028	1084.96863957
32.19913028	1057.21228763
32.22513028	1063.71908157
32.25113028	1077.95682171
32.27713028	1046.92282456
32.30313028	1024.40348346
32.32913028	1043.30612600
32.35513028	1016.48118455
32.38113028	1018.17601516
32.40713028	1053.45289199
32.43313028	1006.02244346
32.45913028	968.85593849
32.48513028	987.95935924
32.51113028	1050.31932749
32.53713028	1029.78898500
32.56313028	1012.02665981
32.58913028	1028.52678431
32.61513028	1046.53294253
32.64113028	1031.52085870
32.66713028	1037.78498300
32.69313028	1088.88045320
32.71913028	1134.51439779
32.74513028	1168.89147990
32.77113028	1053.93797273
32.79713028	1002.11190767
32.82313028	1124.57147523
32.84913028	1064.64819686
32.87513028	996.80125677
32.90113028	994.33250894
32.92713028	1066.48221798
32.95313028	1095.34562539
32.97913028	1101.69548494
33.00513028	1061.28685579
33.03113028	1062.67275258
33.05713028	1110.73256942
33.08313028	1130.03483703
33.10913028	1086.69728761
33.13513028	1004.23272529
33.16113028	1136.77557922
33.18713028	1091.81092961
33.21313028	1127.96556294
33.23913028	1102.97845353
33.26513028	1048.77941783
33.29113028	1079.02499756
33.31713028	1075.88459965
33.34313028	1054.48103882
33.36913028	1042.19105416
33.39513028	1063.98851827
33.42113028	1086.14955264
33.44713028	1061.21356883
33.47313028	1033.64602049
33.49913028	1056.05796220
33.52513028	1042.85721883
33.55113028	1046.92372646
33.57713028	992.15490430
33.60313028	1064.32709012
33.62913028	1060.91370764
33.65513028	1063.80765360
33.68113028	1084.84120991
33.70713028	1065.49183756
33.73313028	1141.51968674
33.75913028	1085.81267643
33.78513028	1095.02020857
33.81113028	1138.39025263
33.83713028	1149.03585120
33.86313028	1170.84892074
33.88913028	1202.47609184
33.91513028	1122.44975986
33.94113028	1150.79070381
33.96713028	1174.67857864
33.99313028	1107.06814301
34.01913028	1092.73537235
34.04513028	1120.32679720
34.07113028	1081.38345051
34.09713028	1055.55289188
34.12313028	1113.40284424
34.14913028	1204.21765184
34.17513028	1132.45140278
34.20113028	1080.59051598
34.22713028	1070.04137651
34.25313028	1099.93869126
34.27913028	1146.40525515
34.30513028	1114.97819544
34.33113028	1144.45269349
34.35713028	1171.67913402
34.38313028	1182.82262431
34.40913028	1189.92032987
34.43513028	1157.41554572
34.46113028	1130.75928532
34.48713028	1134.51232682
34.51313028	1131.17956754
34.53913028	1110.28850640
34.56513028	1085.26186164
34.59113028	1068.60288098
34.61713028	1097.36538774
34.64313028	1155.80393363
34.66913028	1170.26906027
34.69513028	1083.25802097
34.72113028	1049.20056088
34.74713028	1086.36602085
34.77313028	1070.40437919
34.79913028	1048.81972869
34.82513028	1062.20262210
34.85113028	1090.52787248
34.87713028	1104.36257359
34.90313028	1105.09402268
34.92913028	1110.17890215
34.95513028	1136.80906808
34.98113028	1139.36406488
35.00713028	1140.71075174
35.03313028	1164.79360301
35.05913028	1157.32709654
35.08513028	1160.82849690
35.11113028	1169.84901397
35.13713028	1183.88521781
35.16313028	1156.85302884
35.18913028	1132.67391812
35.21513028	1236.75986897
35.24113028	1226.13702415
35.26713028	1162.41639265
35.29313028	1217.20903253
35.31913028	1174.57878636
35.34513028	1101.16729336
35.37113028	1157.91227185
35.39713028	1142.58478904
35.42313028	1146.97290491
35.44913028	1147.78011454
35.47513028	1125.16492660
35.50113028	1166.98305515
35.52713028	1233.93652944
35.55313028	1251.04972094
35.57913028	1196.96588930
35.60513028	1173.63186892
35.63113028	1238.54992984
35.65713028	1201.73823373
35.68313028	1235.28140595
35.70913028	1156.00321093
35.73513028	1137.64982661
35.76113028	1165.11227210
35.78713028	1174.64014250
35.81313028	1188.62347474
35.83913028	1197.12966530
35.86513028	1135.67456079
35.89113028	1184.44790390
35.91713028	1167.62942417
35.94313028	1268.66515088
35.96913028	1153.65783401
35.99513028	1176.71557733
36.02113028	1150.76487885
36.04713028	1144.41262927
36.07313028	1202.48533108
36.09913028	1241.32676539
36.12513028	1210.09753312
36.15113028	1234.85651130
36.17713028	1199.97777495
36.20313028	1222.19317639
36.22913028	1300.71227613
36.25513028	1264.47847970
36.28113028	1320.61556708
36.30713028	1220.35673387
36.33313028	1284.65689757
36.35913028	1196.88832605
36.38513028	1232.84802805
36.41113028	1200.85150257
36.43713028	1206.41297806
36.46313028	1268.55249831
36.48913028	1253.13842400
36.51513028	1273.61826279
36.54113028	1309.87427469
36.56713028	1242.52358891
36.59313028	1314.07825985
36.61913028	1364.27266597
36.64513028	1321.94329724
36.67113028	1276.83359178
36.69713028	1309.50390219
36.72313028	1248.07167757
36.74913028	1233.32874515
36.77513028	1249.70018702
36.80113028	1251.80323437
36.82713028	1259.90857171
36.85313028	1213.67514693
36.87913028	1218.85991813
36.90513028	1230.62825776
36.93113028	1215.18474964
36.95713028	1165.41806062
36.98313028	1147.00844653
37.00913028	1214.57879485
37.03513028	1306.98866022
37.06113028	1255.99756842
37.08713028	1202.02559184
37.11313028	1151.90141226
37.13913028	1149.75917126
37.16513028	1219.24787575
37.19113028	1237.47977391
37.21713028	1206.10714225
37.24313028	1194.28388811
37.26913028	1220.47478725
37.29513028	1215.14398059
37.32113028	1165.37955664
37.34713028	1120.29230160
37.37313028	1129.82929664
37.39913028	1131.33801013
37.42513028	1114.26253650
37.45113028	1107.06670806
37.47713028	1110.52996871
37.50313028	1164.54327712
37.52913028	1218.68075158
37.55513028	1223.80938047
37.58113028	1154.48598856
37.60713028	1151.01014593
37.63313028	1171.44686592
37.65913028	1137.51795642
37.68513028	1123.18901169
37.71113028	1160.83975576
37.73713028	1198.64207061
37.76313028	1228.85567966
37.78913028	1203.44499309
37.81513028	1179.87812696
37.84113028	1116.32058667
37.86713028	1100.49119821
37.89313028	1124.18274246
37.91913028	1178.58904725
37.94513028	1193.13802522
37.97113028	1111.12167037
37.99713028	1139.12604562
38.02313028	1225.42885028
38.04913028	1227.71103516
38.07513028	1207.39924438
38.10113028	1172.57000167
38.12713028	1162.35202393
38.15313028	1142.21975348
38.17913028	1222.44511800
38.20513028	1203.93468579
38.23113028	1140.86059680
38.25713028	1134.06974364
38.28313028	1195.88899253
38.30913028	1214.05963422
38.33513028	1193.89682759
38.36113028	1157.27737068
38.38713028	1171.30145457
38.41313028	1124.32423005
38.43913028	1067.03121529
38.46513028	1116.44912430
38.49113028	1171.34361600
38.51713028	1245.06142924
38.54313028	1184.77626058
38.56913028	1153.33147777
38.59513028	1222.58900477
38.62113028	1253.34728145
38.64713028	1218.18217431
38.67313028	1251.24002941
38.69913028	1105.36945914
38.72513028	1201.57394467
38.75113028	1238.87808566
38.77713028	1257.61396469
38.80313028	1186.90186201
38.82913028	1245.45162010
38.85513028	1285.01209122
38.88113028	1259.21959629
38.90713028	1293.69445466
38.93313028	1314.21742114
38.95913028	1193.90469960
38.98513028	1172.01353482
39.01113028	1178.97692181
39.03713028	1272.53056610
39.06313028	1259.32383881
39.08913028	1262.97017036
39.11513028	1318.99991733
39.14113028	1254.13978648
39.16713028	1260.72749809
39.19313028	1285.25605378
39.21913028	1199.04408196
39.24513028	1170.21004263
39.27113028	1248.14565316
39.29713028	1336.22049445
39.32313028	1344.71523598
39.34913028	1286.98238949
39.37513028	1248.90950931
39.40113028	1223.30299024
39.42713028	1234.57909600
39.45313028	1276.96866113
39.47913028	1226.98260190
39.50513028	1187.29383697
39.53113028	1222.42592628
39.55713028	1197.47764285
39.58313028	1218.52292975
39.60913028	1241.09057559
39.63513028	1300.91369419
39.66113028	1337.24833348
39.68713028	1341.19947365
39.71313028	1291.54034644
39.73913028	1229.02943880
39.76513028	1271.64925973
39.79113028	1285.42603466
39.81713028	1219.37458200
39.84313028	1211.05838358
39.86913028	1259.72746220
39.89513028	1269.85376302
39.92113028	1237.09907011
39.94713028	1216.82428616
39.97313028	1242.31353861
39.99913028	1271.75407544
40.02513028	1251.07707983
40.05113028	1240.18911967
40.07713028	1232.95949380
40.10313028	1176.42588704
40.12913028	1188.12651100
40.15513028	1253.97870244
40.18113028	1246.81996670
40.20713028	1260.31037856
40.23313028	1294.86229358
40.25913028	1304.75394578
40.28513028	1339.71540169
40.31113028	1319.33123770
40.33713028	1290.67386038
40.36313028	1301.63361914
40.38913028	1308.95711351
40.41513028	1242.64543857
40.44113028	1197.03688022
40.46713028	1216.20222248
40.49313028	1205.04184841
40.51913028	1264.65598276
40.54513028	1282.95960462
40.57113028	1288.21115417
40.59713028	1274.57441912
40.62313028	1253.72424526
40.64913028	1251.55096243
40.67513028	1215.66726935
40.70113028	1193.75029296
40.72713028	1196.11385206
40.75313028	1225.33221684
40.77913028	1233.92177774
40.80513028	1199.24706594
40.83113028	1264.51224582
40.85713028	1226.92098734
40.88313028	1204.23823849
40.90913028	1238.08845460
40.93513028	1246.97150750
40.96113028	1284.28706632
40.98713028	1340.79456378
41.01313028	1282.33982866
41.03913028	1268.59932405
41.06513028	1165.32086967
41.09113028	1216.55120022
41.11713028	1196.46178936
41.14313028	1214.56460315
41.16913028	1229.83832890
41.19513028	1237.34821112
41.22113028	1200.38454209
41.24713028	1265.62014376
41.27313028	1238.74610064
41.29913028	1189.71134197
41.32513028	1240.32345476
41.35113028	1161.59291338
41.37713028	1135.24553870
41.40313028	1142.18143077
41.42913028	1189.97681025
41.45513028	1195.03612568
41.48113028	1226.35127563
41.50713028	1206.85282866
41.53313028	1268.84637197
41.55913028	1287.57330152
41.58513028	1282.03975028
41.61113028	1194.91683645
41.63713028	1141.77804638
41.66313028	1202.21876901
41.68913028	1210.39661844
41.71513028	1223.03901755
41.74113028	1226.90797044
41.76713028	1211.67037965
41.79313028	1150.45005873
41.81913028	1125.98078547
41.84513028	1114.22511478
41.87113028	1182.06402158
41.89713028	1198.94874298
41.92313028	1227.09374880
41.94913028	1189.75972223
41.97513028	1142.76716254
42.00113028	1132.39473170
42.02713028	1213.35383731
42.05313028	1198.65165920
42.07913028	1184.62462881
42.10513028	1189.79325773
42.13113028	1146.84864809
42.15713028	1153.16151680
42.18313028	1219.28361703
42.20913028	1227.60225305
42.23513028	1155.16369430
42.26113028	1155.27479961
42.28713028	1170.04399405
42.31313028	1157.04000650
42.33913028	1181.72440438
42.36513028	1117.54055007
42.39113028	1054.12401386
42.41713028	1092.85435952
42.44313028	1086.78245668
42.46913028	1105.82518513
42.49513028	1129.43267479
42.52113028	1082.28543640
42.54713028	1066.11282704
42.57313028	1036.12531527
42.59913028	1026.69399480
42.62513028	1061.97163015
42.65113028	1075.94818826
42.67713028	1088.65971178
42.70313028	1054.25900570
42.72913028	1029.79312029
42.75513028	1067.20829768
42.78113028	1103.24743273
42.80713028	1093.08042141
42.83313028	1061.49444781
42.85913028	1091.66299351
42.88513028	1096.99895166
42.91113028	1085.91069623
42.93713028	1093.29799067
42.96313028	1072.12398316
42.98913028	1048.67060259
43.01513028	1087.61551577
43.04113028	1135.88222534
43.06713028	1106.59687668
43.09313028	1062.11843782
43.11913028	1074.11370209
43.14513028	1077.72939105
43.17113028	1059.28159024
43.19713028	1089.80598582
43.22313028	1115.79509691
43.24913028	1053.04421241
43.27513028	1015.52203312
43.30113028	992.49861703
43.32713028	1051.92211986
43.35313028	1025.33663786
43.37913028	1028.17484124
43.40513028	1062.03958560
43.43113028	1056.90470778
43.45713028	992.85520048
43.48313028	973.67562121
43.50913028	992.42547750
43.53513028	967.12544510
43.56113028	998.06507087
43.58713028	1028.80666777
43.61313028	1041.97779062
43.63913028	1035.89269544
43.66513028	977.15279875
43.69113028	1043.95282030
43.71713028	1004.51860179
43.74313028	954.41875644
43.76913028	1033.16840973
43.79513028	1015.30304571
43.82113028	965.74456929
43.84713028	1053.81765597
43.87313028	950.62248021
43.89913028	952.33732142
43.92513028	977.75351820
43.95113028	963.93659353
43.97713028	963.53739188
44.00313028	947.80066209
44.02913028	938.98276045
44.05513028	977.40223280
44.08113028	1019.86136671
44.10713028	995.50079880
44.13313028	1034.75469134
44.15913028	1018.61125722
44.18513028	941.52205926
44.21113028	890.26179431
44.23713028	932.21077232
44.26313028	890.34528574
44.28913028	915.79174756
44.31513028	872.92704674
44.34113028	976.91954877
44.36713028	967.53164093
44.39313028	923.36277901
44.41913028	943.60009514
44.44513028	945.43090503
44.47113028	984.61240142
44.49713028	962.88990723
44.52313028	946.48262365
44.54913028	924.15814306
44.57513028	1007.99451499
44.60113028	1018.70070102
44.62713028	976.27096204
44.65313028	943.55111231
44.67913028	944.27628912
44.70513028	966.50374037
44.73113028	970.02681883
44.75713028	905.94656749
44.78313028	931.30315183
44.80913028	952.93922722
44.83513028	955.69019536
44.86113028	921.45117489
44.88713028	908.63174005
44.91313028	948.43055719
44.93913028	973.52721260
44.96513028	923.13726266
44.99113028	908.41946705
45.01713028	927.47094088
45.04313028	924.96319801
45.06913028	910.91183049
45.09513028	917.90407868
45.12113028	933.13918623
45.14713028	940.75488523
45.17313028	930.95658471
45.19913028	902.15463856
45.22513028	906.23935041
45.25113028	905.15300701
45.27713028	941.92733316
45.30313028	986.11435631
45.32913028	936.98923516
45.35513028	917.74416421
45.38113028	919.89732502
45.40713028	907.20717555
45.43313028	927.51016702
45.45913028	929.58743824
45.48513028	899.82357872
45.51113028	871.92648723
45.53713028	863.05598662
45.56313028	871.11277532
45.58913028	883.20618894
45.61513028	868.58077394
45.64113028	881.57729129
45.66713028	928.68975843
45.69313028	907.87131932
45.71913028	863.02429002
45.74513028	841.02372663
45.77113028	887.53695515
45.79713028	919.43843406
45.82313028	864.32653146
45.84913028	852.35635388
45.87513028	883.16485928
45.90113028	905.11965062
45.92713028	913.12128745
45.95313028	885.80657175
45.97913028	858.21569730
46.00513028	832.31211284
46.03113028	866.69352647
46.05713028	917.17222492
46.08313028	975.40695975
46.10913028	972.34380783
46.13513028	881.45548231
46.16113028	812.88824918
46.18713028	889.20965363
46.21313028	876.12128230
46.23913028	888.18566890
46.26513028	877.86576255
46.29113028	901.32037505
46.31713028	948.37535188
46.34313028	918.66328943
46.36913028	890.05999276
46.39513028	833.42773960
46.42113028	784.33302285
46.44713028	855.09024686
46.47313028	899.84612681
46.49913028	886.84661918
46.52513028	872.09573899
46.55113028	868.59076167
46.57713028	845.88074100
46.60313028	820.17249318
46.62913028	847.98510351
46.65513028	855.43354738
46.68113028	866.13636811
46.70713028	851.83174166
46.73313028	871.60855256
46.75913028	838.16086751
46.78513028	821.16441920
46.81113028	800.95390240
46.83713028	786.14903207
46.86313028	783.67914156
46.88913028	879.06513465
46.91513028	905.48114156
46.94113028	868.53299303
46.96713028	853.33878730
46.99313028	863.18483226
47.01913028	810.12335435
47.04513028	798.97521329
47.07113028	841.67820884
47.09713028	823.20145604
47.12313028	827.13162870
47.14913028	828.03349145
47.17513028	846.29864123
47.20113028	844.15135952
47.22713028	845.41045496
47.25313028	804.98717350
47.27913028	818.83990353
47.30513028	833.35961843
47.33113028	895.53699276
47.35713028	875.94822418
47.38313028	870.93189622
47.40913028	812.49946520
47.43513028	766.80955776
47.46113028	764.78199009
47.48713028	849.75840366
47.51313028	855.74066351
47.53913028	865.63480472
47.56513028	861.69772417
47.59113028	829.18681443
47.61713028	846.29652975
47.64313028	874.94279693
47.66913028	839.14333559
47.69513028	813.03121458
47.72113028	853.28210437
47.74713028	865.34306196
47.77313028	847.20147872
47.79913028	821.46319644
47.82513028	804.30397324
47.85113028	820.28880280
47.87713028	835.68989315
47.90313028	856.57983180
47.92913028	819.52228179
47.95513028	767.88540255
47.98113028	794.22865440
48.00713028	816.36827514
48.03313028	848.04218828
48.05913028	856.30746662
48.08513028	827.48621475
48.11113028	842.75013161
48.13713028	832.90408865
48.16313028	789.89672267
48.18913028	788.20031499
48.21513028	777.81204860
48.24113028	823.71436080
48.26713028	846.19817300
48.29313028	813.33290069
48.31913028	822.46194416
48.34513028	847.34872768
48.37113028	854.35871821
48.39713028	834.80157236
48.42313028	778.58489295
48.44913028	731.62786713
48.47513028	761.92262417
48.50113028	795.71674056
48.52713028	811.36886532
48.55313028	796.73545316
48.57913028	774.60165591
48.60513028	796.69156546
48.63113028	802.39131970
48.65713028	804.60548790
48.68313028	729.54294262
48.70913028	716.95931758
48.73513028	812.30654093
48.76113028	802.81163475
48.78713028	761.81877018
48.81313028	765.12087629
48.83913028	727.70508303
48.86513028	814.66777779
48.89113028	827.37573630
48.91713028	771.60383010
48.94313028	703.95775262
48.96913028	756.48254253
48.99513028	799.38448591
49.02113028	796.63708984
49.04713028	759.81718588
49.07313028	753.55254493
49.09913028	787.24402592
49.12513028	769.62607409
49.15113028	783.18917508
49.17713028	760.11356081
49.20313028	765.20057446
49.22913028	784.57462109
49.25513028	775.97500606
49.28113028	765.76024172
49.30713028	761.44984099
49.33313028	786.70619584
49.35913028	783.78345046
49.38513028	829.53719272
49.41113028	816.66792479
49.43713028	810.88108665
49.46313028	797.25066978
49.48913028	790.17372371
49.51513028	776.63380693
49.54113028	815.41769806
49.56713028	812.46740983
49.59313028	800.41448953
49.61913028	830.60360001
49.64513028	792.01090717
49.67113028	763.45990604
49.69713028	740.09173840
49.72313028	725.78324196
49.74913028	696.55870663
49.77513028	726.25429039
49.80113028	787.05907350
49.82713028	774.50376086
49.85313028	800.38318190
49.87913028	789.63689863
49.90513028	788.48923072
49.93113028	778.88136185
49.95713028	774.78484721
49.98313028	790.33358320
50.00913028	779.58803729
50.03513028	805.56399741
50.06113028	825.73104441
50.08713028	849.17388479
50.11313028	824.93384957
50.13913028	809.77223406
50.16513028	787.73537424
50.19113028	795.24403956
50.21713028	791.43111280
50.24313028	796.56766325
50.26913028	809.75175548
50.29513028	783.63522645
50.32113028	766.25309450
50.34713028	815.01346985
50.37313028	837.44794828
50.39913028	817.20869377
50.42513028	799.68027703
50.45113028	786.27938387
50.47713028	781.13139091
50.50313028	782.07901505
50.52913028	777.05721447
50.55513028	749.33631585
50.58113028	749.91976218
50.60713028	781.92719818
50.63313028	766.47761633
50.65913028	741.24185317
50.68513028	749.63033392
50.71113028	777.21474572
50.73713028	782.65803553
50.76313028	795.11002660
50.78913028	788.11761909
50.81513028	762.81811672
50.84113028	751.16567754
50.86713028	746.81762876
50.89313028	764.29098990
50.91913028	780.61433174
50.94513028	779.33537822
50.97113028	796.48120654
50.99713028	778.91774113
51.02313028	762.12476745
51.04913028	772.30854964
51.07513028	769.67886681
51.10113028	786.53994141
51.12713028	768.97255265
51.15313028	778.13268624
51.17913028	761.03288241
51.20513028	755.45233126
51.23113028	824.94376105
51.25713028	786.78990872
51.28313028	733.10633340
51.30913028	739.36573329
51.33513028	759.12918724
51.36113028	778.43194190
51.38713028	828.25157481
51.41313028	816.50246690
51.43913028	759.09165621
51.46513028	797.30192319
51.49113028	831.13066465
51.51713028	772.98534731
51.54313028	766.14298717
51.56913028	756.26773714
51.59513028	758.85696755
51.62113028	783.36361104
51.64713028	763.77551548
51.67313028	762.09892099
51.69913028	767.76324128
51.72513028	758.40177863
51.75113028	756.35613441
51.77713028	758.71665123
51.80313028	734.39860262
51.82913028	723.17189409
51.85513028	758.45849467
51.88113028	728.94919811
51.90713028	690.94840997
51.93313028	743.80180057
51.95913028	817.85155341
51.98513028	755.81171712
52.01113028	692.73378144
52.03713028	738.31319476
52.06313028	757.05689414
52.08913028	739.03591258
52.11513028	744.61044690
52.14113028	758.77027607
52.16713028	773.12877215
52.19313028	769.84018111
52.21913028	727.31297013
52.24513028	744.12003740
52.27113028	758.25797658
52.29713028	766.54280621
52.32313028	789.31131185
52.34913028	785.37179563
52.37513028	771.81707822
52.40113028	814.94622368
52.42713028	802.90954877
52.45313028	770.29072936
52.47913028	740.06183730
52.50513028	757.94276225
52.53113028	742.60581349
52.55713028	719.54080099
52.58313028	726.89505344
52.60913028	736.51998986
52.63513028	756.83719245
52.66113028	738.80940205
52.68713028	735.86556165
52.71313028	719.49078501
52.73913028	712.61843658
52.76513028	744.93277617
52.79113028	743.65650343
52.81713028	737.46867338
52.84313028	760.55780277
52.86913028	760.70184628
52.89513028	726.00122804
52.92113028	724.69452367
52.94713028	763.86239910
52.97313028	792.36397733
52.99913028	781.18795188
53.02513028	761.65315067
53.05113028	765.41919942
53.07713028	756.04845392
53.10313028	739.76369022
53.12913028	750.21508029
53.15513028	763.39851117
53.18113028	738.48879640
53.20713028	722.00934160
53.23313028	727.18927752
53.25913028	719.19104841
53.28513028	716.79777262
53.31113028	714.04402388
53.33713028	723.85931670
53.36313028	710.22824046
53.38913028	696.01331178
53.41513028	748.94551828
53.44113028	755.41890149
53.46713028	704.63361312
53.49313028	704.60465251
53.51913028	714.95350723
53.54513028	704.84937337
53.57113028	720.02391008
53.59713028	745.83310230
53.62313028	744.16749235
53.64913028	752.21034295
53.67513028	710.22898026
53.70113028	720.07589323
53.72713028	691.17616007
53.75313028	675.66175484
53.77913028	697.37024972
53.80513028	763.35298924
53.83113028	734.30060774
53.85713028	729.75369256
53.88313028	721.80443589
53.90913028	702.94141023
53.93513028	716.73008961
53.96113028	678.82130606
53.98713028	686.92396666
54.01313028	699.44278813
54.03913028	752.29902120
54.06513028	716.45618550
54.09113028	740.32656242
54.11713028	695.12397392
54.14313028	666.08189385
54.16913028	719.85046399
54.19513028	759.58558403
54.22113028	733.04686140
54.24713028	689.43031103
54.27313028	679.09619936
54.29913028	730.54622788
54.32513028	672.17511355
54.35113028	665.78744064
54.37713028	731.85487352
54.40313028	720.16603469
54.42913028	719.45597213
54.45513028	697.45505374
54.48113028	719.87228125
54.50713028	705.69651787
54.53313028	712.02805228
54.55913028	711.48171882
54.58513028	701.75604167
54.61113028	716.32678742
54.63713028	719.76217486
54.66313028	723.07889191
54.68913028	754.76969872
54.71513028	670.79676524
54.74113028	665.68694522
54.76713028	695.33465605
54.79313028	671.91824389
54.81913028	713.32472540
54.84513028	709.99978004
54.87113028	689.94520009
54.89713028	664.78433451
54.92313028	682.87134355
54.94913028	707.42867312
54.97513028	667.16793377
55.00113028	649.90563373
55.02713028	672.40464685
55.05313028	689.95729826
55.07913028	708.72917839
55.10513028	709.55811658
55.13113028	730.84844619
55.15713028	715.26593709
55.18313028	693.22550425
55.20913028	717.99554794
55.23513028	710.30920159
55.26113028	686.61769147
55.28713028	677.30389999
55.31313028	688.53209782
55.33913028	691.73649390
55.36513028	713.11187401
55.39113028	745.21733371
55.41713028	713.09031342
55.44313028	682.01096379
55.46913028	706.07212938
55.49513028	721.56798957
55.52113028	722.88524565
55.54713028	707.81105915
55.57313028	695.30449020
55.59913028	725.71654712
55.62513028	743.51746682
55.65113028	725.92915586
55.67713028	702.83517404
55.70313028	710.29966290
55.72913028	740.84624900
55.75513028	742.07749768
55.78113028	731.41975385
55.80713028	732.55170525
55.83313028	738.14232179
55.85913028	741.81577909
55.88513028	720.12154907
55.91113028	691.60920896
55.93713028	697.90657700
55.96313028	728.83557015
55.98913028	697.52087717
56.01513028	668.35219409
56.04113028	716.39630139
56.06713028	739.75899352
56.09313028	747.94090820
56.11913028	717.80465141
56.14513028	700.42211507
56.17113028	689.50992622
56.19713028	683.25461125
56.22313028	653.59660423
56.24913028	659.29428187
56.27513028	661.04676775
56.30113028	700.96740176
56.32713028	740.89229643
56.35313028	718.48740040
56.37913028	706.98962869
56.40513028	696.35287163
56.43113028	677.26123129
56.45713028	702.68169403
56.48313028	672.54118783
56.50913028	663.48395366
56.53513028	668.74154838
56.56113028	699.93838628
56.58713028	743.70142378
56.61313028	753.56171099
56.63913028	736.20692400
56.66513028	697.69513560
56.69113028	709.67277973
56.71713028	698.45451402
56.74313028	650.60744253
56.76913028	678.65398821
56.79513028	704.48337217
56.82113028	720.04960279
56.84713028	711.97772058
56.87313028	668.41925414
56.89913028	677.21781973
56.92513028	683.44448638
56.95113028	669.76889712
56.97713028	695.11564435
57.00313028	704.19198130
57.02913028	690.13017453
57.05513028	698.91377203
57.08113028	686.06766321
57.10713028	690.13301217
57.13313028	701.06631209
57.15913028	647.30433025
57.18513028	678.99093935
57.21113028	720.57477775
57.23713028	684.26442399
57.26313028	678.41793301
57.28913028	701.29540103
57.31513028	667.46847389
57.34113028	697.95074752
57.36713028	680.82226770
57.39313028	679.36621802
57.41913028	661.32486506
57.44513028	689.77393785
57.47113028	656.74029705
57.49713028	706.84222426
57.52313028	701.53440806
57.54913028	697.38683216
57.57513028	647.51304343
57.60113028	626.66175802
57.62713028	594.07140582
57.65313028	650.99779046
57.67913028	699.89120207
57.70513028	699.71039153
57.73113028	680.27093601
57.75713028	658.50375751
57.78313028	665.70582618
57.80913028	661.75606162
57.83513028	645.17165405
57.86113028	664.96599171
57.88713028	705.92391587
57.91313028	691.67599388
57.93913028	690.14884628
57.96513028	695.11733812
57.99113028	663.69922186
58.01713028	662.12736511
58.04313028	654.62464378
58.06913028	626.04663001
58.09513028	631.46035722
58.12113028	668.38866805
58.14713028	648.95591884
58.17313028	613.71553537
58.19913028	636.51764016
58.22513028	649.00485960
58.25113028	634.99782637
58.27713028	618.02552177
58.30313028	624.80586322
58.32913028	648.24894764
58.35513028	660.98645674
58.38113028	667.10080557
58.40713028	641.13353271
58.43313028	645.53732699
58.45913028	689.40307642
58.48513028	665.09910125
58.51113028	639.18430719
58.53713028	627.56647718
58.56313028	606.71834319
58.58913028	640.50491595
58.61513028	665.45732686
58.64113028	659.82072924
58.66713028	653.77886234
58.69313028	642.08723616
58.71913028	601.49008923
58.74513028	575.99198100
58.77113028	594.80377235
58.79713028	654.59921709
58.82313028	642.02604571
58.84913028	665.91204595
58.87513028	682.45864916
58.90113028	637.78112128
58.92713028	615.95285407
58.95313028	608.31816554
58.97913028	594.17349909
59.00513028	627.85399669
59.03113028	614.29982814
59.05713028	606.61405005
59.08313028	612.14436928
59.10913028	628.00936670
59.13513028	619.82879580
59.16113028	602.72172998
59.18713028	615.40145805
59.21313028	660.04404369
59.23913028	632.46297673
59.26513028	588.04702580
59.29113028	610.14039098
59.31713028	624.09605969
59.34313028	627.40691446
59.36913028	591.94220938
59.39513028	623.98084490
59.42113028	662.66452644
59.44713028	604.92915573
59.47313028	575.38293251
59.49913028	623.76539780
59.52513028	567.73761051
59.55113028	633.91178515
59.57713028	592.21496766
59.60313028	627.60377958
59.62913028	633.58595719
59.65513028	624.21118511
59.68113028	612.81021150
59.70713028	631.90264807
59.73313028	613.73834958
59.75913028	616.22225867
59.78513028	576.47714913
59.81113028	580.20773498
59.83713028	631.64448179
59.86313028	621.04192260
59.88913028	635.05539355
59.91513028	633.14300795
59.94113028	635.26180887
59.96713028	607.33609396
59.99313028	616.23650762
60.01913028	603.94338181
60.04513028	536.81574622
60.07113028	547.19843472
60.09713028	558.45066115
60.12313028	603.33433360
60.14913028	555.92135036
60.17513028	601.89242119
60.20113028	625.40164885
60.22713028	627.07993498
60.25313028	613.59521039
60.27913028	588.70683219
60.30513028	635.86837186
60.33113028	624.25117321
60.35713028	579.44303284
60.38313028	587.95431765
60.40913028	630.29080557
60.43513028	609.40403114
60.46113028	581.65808649
60.48713028	595.49248939
60.51313028	624.65563107
60.53913028	588.90536209
60.56513028	588.27886069
60.59113028	569.44796008
60.61713028	586.33745072
60.64313028	622.09274053
60.66913028	628.23019699
60.69513028	622.68179287
60.72113028	625.23382872
60.74713028	620.51559543
60.77313028	598.91521677
60.79913028	578.17118514
60.82513028	555.89871053
60.85113028	544.27036206
60.87713028	568.50474943
60.90313028	571.67108898
60.92913028	577.18670216
60.95513028	606.88649972
60.98113028	623.36674420
61.00713028	625.24551754
61.03313028	602.11660808
61.05913028	569.71025443
61.08513028	557.92103646
61.11113028	559.93135862
61.13713028	582.44844077
61.16313028	601.97824820
61.18913028	565.80101239
61.21513028	538.72562815
61.24113028	555.88791734
61.26713028	572.65121401
61.29313028	593.91699537
61.31913028	617.01410769
61.34513028	615.92333195
61.37113028	597.66626809
61.39713028	591.26770911
61.42313028	573.65587666
61.44913028	549.66264940
61.47513028	583.01269045
61.50113028	601.77475588
61.52713028	579.07258717
61.55313028	581.22025958
61.57913028	579.20442804
61.60513028	581.20838194
61.63113028	536.70760799
61.65713028	545.77154963
61.68313028	574.87192728
61.70913028	566.01659324
61.73513028	572.94382878
61.76113028	589.82461144
61.78713028	595.97758720
61.81313028	572.83148990
61.83913028	571.50100005
61.86513028	576.32271624
61.89113028	579.85990847
61.91713028	577.81410755
61.94313028	583.02145479
61.96913028	607.39285540
61.99513028	583.42523420
62.02113028	601.35752394
62.04713028	581.34607705
62.07313028	534.39468900
62.09913028	560.78300913
62.12513028	586.57254452
62.15113028	575.69241753
62.17713028	521.64478910
62.20313028	580.50739946
62.22913028	598.23480574
62.25513028	622.43265786
62.28113028	599.76826819
62.30713028	560.81847021
62.33313028	575.06150449
62.35913028	553.84194606
62.38513028	562.67190246
62.41113028	597.41012539
62.43713028	561.61029583
62.46313028	591.75761948
62.48913028	608.39931603
62.51513028	580.24583663
62.54113028	573.40574452
62.56713028	585.23506564
62.59313028	575.95691236
62.61913028	553.71296334
62.64513028	554.76492326
62.67113028	562.06897905
62.69713028	570.38053412
62.72313028	584.72902876
62.74913028	569.34618998
62.77513028	563.04209934
62.80113028	580.39727073
62.82713028	565.98050208
62.85313028	560.06969830
62.87913028	557.25185038
62.90513028	575.81884063
62.93113028	572.71807387
62.95713028	556.22456272
62.98313028	596.22732342
63.00913028	621.79765467
63.03513028	584.39085781
63.06113028	545.21527908
63.08713028	561.94132222
63.11313028	593.01610280
63.13913028	597.87442199
63.16513028	589.38754428
63.19113028	588.96015478
63.21713028	594.83490473
63.24313028	572.68598467
63.26913028	548.65386852
63.29513028	560.89928693
63.32113028	589.88611340
63.34713028	567.05461781
63.37313028	538.59445019
63.39913028	517.84753658
63.42513028	520.59969555
63.45113028	534.55007394
63.47713028	524.28052834
63.50313028	540.21327050
63.52913028	552.74682715
63.55513028	552.46818741
63.58113028	561.11467288
63.60713028	553.90844093
63.63313028	550.63660331
63.65913028	559.29749299
63.68513028	586.43178922
63.71113028	597.53656369
63.73713028	577.55540304
63.76313028	549.62168642
63.78913028	538.10889677
63.81513028	571.20608938
63.84113028	591.30867587
63.86713028	604.89574740
63.89313028	577.00717921
63.91913028	556.73442934
63.94513028	569.42980481
63.97113028	599.49699606
63.99713028	613.17527719
64.02313028	587.18528403
64.04913028	553.53017343
64.07513028	574.16992989
64.10113028	590.00385215
64.12713028	560.75039140
64.15313028	564.26598066
64.17913028	572.45717263
64.20513028	548.43040772
64.23113028	579.12124967
64.25713028	563.13879184
64.28313028	528.45488064
64.30913028	564.11512977
64.33513028	602.63292030
64.36113028	607.85237315
64.38713028	595.51284959
64.41313028	555.68414771
64.43913028	575.85062525
64.46513028	543.16330203
64.49113028	551.54148506
64.51713028	544.97412682
64.54313028	560.35571268
64.56913028	552.81179931
64.59513028	551.84521320
64.62113028	558.28763635
64.64713028	551.27234929
64.67313028	574.93893770
64.69913028	518.29497783
64.72513028	544.48373207
64.75113028	553.70084352
64.77713028	525.66490783
64.80313028	516.20343847
64.82913028	517.36990060
64.85513028	550.57184352
64.88113028	603.28935371
64.90713028	553.58445734
64.93313028	567.99123470
64.95913028	557.49922190
64.98513028	587.92808501
65.01113028	549.71182806
65.03713028	574.22041786
65.06313028	576.72880409
65.08913028	564.48308743
65.11513028	580.65768438
65.14113028	548.12812760
65.16713028	567.39649106
65.19313028	522.23395341
65.21913028	536.10313111
65.24513028	512.29278192
65.27113028	504.12933134
65.29713028	551.48370069
65.32313028	561.37736625
65.34913028	567.58430647
65.37513028	569.39295464
65.40113028	527.92560292
65.42713028	529.42104664
65.45313028	535.86065262
65.47913028	519.09459363
65.50513028	526.44437461
65.53113028	548.58915330
65.55713028	538.79534286
65.58313028	548.92682120
65.60913028	578.58918067
65.63513028	596.14330417
65.66113028	573.13986964
65.68713028	555.29761121
65.71313028	555.97376729
65.73913028	559.82264124
65.76513028	561.11956866
65.79113028	526.28418679
65.81713028	511.57251346
65.84313028	547.80765974
65.86913028	585.26911442
65.89513028	569.83507361
65.92113028	532.62965225
65.94713028	515.07279512
65.97313028	547.94653070
65.99913028	552.67556857
66.02513028	534.61111877
66.05113028	538.24447817
66.07713028	532.09852402
66.10313028	519.50470214
66.12913028	553.75471998
66.15513028	563.85306538
66.18113028	530.29277088
66.20713028	524.68458056
66.23313028	534.14962679
66.25913028	535.97088458
66.28513028	554.99292940
66.31113028	560.25475875
66.33713028	537.29416152
66.36313028	534.57531702
66.38913028	544.82134150
66.41513028	563.59783795
66.44113028	566.25966515
66.46713028	532.00516361
66.49313028	503.06049653
66.51913028	531.09829489
66.54513028	547.47249224
66.57113028	541.56644963
66.59713028	555.03203352
66.62313028	567.01609057
66.64913028	562.59614785
66.67513028	556.46514553
66.70113028	542.64663616
66.72713028	515.17266896
66.75313028	495.73451952
66.77913028	499.69643308
66.80513028	540.47368320
66.83113028	555.99889411
66.85713028	571.52465578
66.88313028	620.11227769
66.90913028	611.94775984
66.93513028	578.50674237
66.96113028	547.75700181
66.98713028	556.24634860
67.01313028	509.26914565
67.03913028	536.90163437
67.06513028	564.50002248
67.09113028	540.47300354
67.11713028	522.49592703
67.14313028	562.02399495
67.16913028	569.51909256
67.19513028	542.79983260
67.22113028	555.72121089
67.24713028	548.36116184
67.27313028	562.36241608
67.29913028	528.76224388
67.32513028	533.92668291
67.35113028	513.82949123
67.37713028	550.53862141
67.40313028	554.31741373
67.42913028	539.63884085
67.45513028	537.25913718
67.48113028	550.09355276
67.50713028	562.41505868
67.53313028	598.09664290
67.55913028	571.21937339
67.58513028	525.77258703
67.61113028	542.22796641
67.63713028	527.62645633
67.66313028	508.26817354
67.68913028	507.48126348
67.71513028	513.62412138
67.74113028	525.36431360
67.76713028	505.48851546
67.79313028	510.08540964
67.81913028	522.75180200
67.84513028	552.24101031
67.87113028	530.44273459
67.89713028	518.88428170
67.92313028	522.57306878
67.94913028	539.96905347
67.97513028	550.19933032
68.00113028	572.35891900
68.02713028	560.77425967
68.05313028	534.94552865
68.07913028	529.67576900
68.10513028	551.12556683
68.13113028	556.71540426
68.15713028	527.59769988
68.18313028	516.93291066
68.20913028	536.53283315
68.23513028	522.11337341
68.26113028	529.83373344
68.28713028	518.37997724
68.31313028	499.43039827
68.33913028	543.32740892
68.36513028	557.69864678
68.39113028	566.31198902
68.41713028	546.73903313
68.44313028	523.44342531
68.46913028	550.02055706
68.49513028	552.20238360
68.52113028	548.66095881
68.54713028	554.67084459
68.57313028	543.18509129
68.59913028	546.45091336
68.62513028	576.31874120
68.65113028	562.70619326
68.67713028	536.62789385
68.70313028	517.49915652
68.72913028	527.09596902
68.75513028	561.78978989
68.78113028	572.40135646
68.80713028	572.98310486
68.83313028	554.31941825
68.85913028	533.10472163
68.88513028	535.21453965
68.91113028	540.43167676
68.93713028	541.99141848
68.96313028	560.04423229
68.98913028	570.09403165
69.01513028	542.51223553
69.04113028	530.85280286
69.06713028	519.39636848
69.09313028	509.46602757
69.11913028	528.02148644
69.14513028	548.89258848
69.17113028	537.45196940
69.19713028	548.10259284
69.22313028	554.89797916
69.24913028	564.12132349
69.27513028	550.51570318
69.30113028	536.19070983
69.32713028	535.05100160
69.35313028	550.14768463
69.37913028	530.20699964
69.40513028	515.46398048
69.43113028	555.79039979
69.45713028	549.73681921
69.48313028	525.01963908
69.50913028	517.99895724
69.53513028	518.48722609
69.56113028	505.11901121
69.58713028	532.17849189
69.61313028	561.12190337
69.63913028	541.68389671
69.66513028	522.42361014
69.69113028	522.73982664
69.71713028	495.36688334
69.74313028	502.41872722
69.76913028	494.74997567
69.79513028	531.50442830
69.82113028	500.25507838
69.84713028	517.27101401
69.87313028	548.68071469
69.89913028	514.94480408
69.92513028	505.50164846
69.95113028	503.66612710
69.97713028	501.19754085
70.00313028	548.99752708
70.02913028	559.84941751
70.05513028	506.46579407
70.08113028	538.20305766
70.10713028	545.87842383
70.13313028	556.66536605
70.15913028	577.59657104
70.18513028	548.53124890
70.21113028	556.45881090
70.23713028	540.38443387
70.26313028	544.63448484
70.28913028	523.15624284
70.31513028	535.14743123
70.34113028	550.93867227
70.36713028	530.67400039
70.39313028	501.26939236
70.41913028	516.27442506
70.44513028	511.31874551
70.47113028	537.90208208
70.49713028	561.26508896
70.52313028	577.23226112
70.54913028	556.09741273
70.57513028	524.86542866
70.60113028	516.60265247
70.62713028	506.30625784
70.65313028	505.02101361
70.67913028	500.14680023
70.70513028	524.50671067
70.73113028	560.83273940
70.75713028	517.10001728
70.78313028	519.64449372
70.80913028	559.01122796
70.83513028	524.48298759
70.86113028	478.82303084
70.88713028	483.50301780
70.91313028	504.53459364
70.93913028	523.10914296
70.96513028	545.21913844
70.99113028	538.81745035
71.01713028	529.26914866
71.04313028	545.67081585
71.06913028	528.93296826
71.09513028	516.56772390
71.12113028	527.14366863
71.14713028	523.14724570
71.17313028	517.32159126
71.19913028	536.51548045
71.22513028	506.75876279
71.25113028	483.90617406
71.27713028	506.80968193
71.30313028	513.02505324
71.32913028	508.71250071
71.35513028	512.51634535
71.38113028	529.80680211
71.40713028	536.81267113
71.43313028	527.83504576
71.45913028	516.91514753
71.48513028	514.30853907
71.51113028	539.84838395
71.53713028	538.63441006
71.56313028	535.53060742
71.58913028	557.86890817
71.61513028	545.98375538
71.64113028	538.48912502
71.66713028	531.84713164
71.69313028	512.54763270
71.71913028	514.54791600
71.74513028	535.25188955
71.77113028	529.51984236
71.79713028	498.08219539
71.82313028	513.64125500
71.84913028	526.50050976
71.87513028	510.90873168
71.90113028	500.56827214
71.92713028	500.71804156
71.95313028	541.92917297
71.97913028	549.72559427
72.00513028	542.96455098
72.03113028	525.24545962
72.05713028	500.80144795
72.08313028	519.12094590
72.10913028	534.77620584
72.13513028	540.76700181
72.16113028	524.34720736
72.18713028	525.54056174
72.21313028	519.09091479
72.23913028	519.07038029
72.26513028	512.20409342
72.29113028	544.73362127
72.31713028	527.10568644
72.34313028	493.18865569
72.36913028	487.10607563
72.39513028	467.45657158
72.42113028	489.94631768
72.44713028	526.54747136
72.47313028	523.78791531
72.49913028	558.72509240
72.52513028	555.47913485
72.55113028	529.38872336
72.57713028	488.24693291
72.60313028	545.74325502
72.62913028	530.61437757
72.65513028	548.71507636
72.68113028	555.58194717
72.70713028	557.71240823
72.73313028	570.59833292
72.75913028	544.59696149
72.78513028	521.82923734
72.81113028	548.99184198
72.83713028	533.77688662
72.86313028	548.47470773
72.88913028	548.84856499
72.91513028	517.67163940
72.94113028	497.99491650
72.96713028	460.79121758
72.99313028	487.32632697
73.01913028	517.46454978
73.04513028	517.71216115
73.07113028	510.29492068
73.09713028	493.68575086
73.12313028	507.50575075
73.14913028	495.01456373
73.17513028	508.77097258
73.20113028	502.31768286
73.22713028	520.73339266
73.25313028	538.42869577
73.27913028	502.87164151
73.30513028	512.56731251
73.33113028	534.05483431
73.35713028	498.51078876
73.38313028	500.70774784
73.40913028	509.62807218
73.43513028	506.88969824
73.46113028	532.82549666
73.48713028	519.87150786
73.51313028	498.00760097
73.53913028	518.40481199
73.56513028	523.22503019
73.59113028	532.04281332
73.61713028	553.97602006
73.64313028	524.72692373
73.66913028	476.75674275
73.69513028	468.06921589
73.72113028	504.49482763
73.74713028	516.71660649
73.77313028	503.50506664
73.79913028	522.66179983
73.82513028	532.65508216
73.85113028	510.28214087
73.87713028	536.56146574
73.90313028	555.12360593
73.92913028	517.68190889
73.95513028	511.28759799
73.98113028	544.87282948
74.00713028	550.50615433
74.03313028	529.44937614
74.05913028	527.23487280
74.08513028	533.47562172
74.11113028	549.76540149
74.13713028	551.92431482
74.16313028	517.12050674
74.18913028	512.09921376
74.21513028	517.21827835
74.24113028	509.88687612
74.26713028	517.44153820
74.29313028	506.89409691
74.31913028	495.48362000
74.34513028	537.07722422
74.37113028	565.20113905
74.39713028	537.98031030
74.42313028	528.71142717
74.44913028	524.45102462
74.47513028	543.87802938
74.50113028	549.75381786
74.52713028	517.64749127
74.55313028	516.19471357
74.57913028	512.13659433
74.60513028	491.68873944
74.63113028	505.33651245
74.65713028	495.66127662
74.68313028	521.00376180
74.70913028	540.51667888
74.73513028	534.47120912
74.76113028	518.73197854
74.78713028	536.58119127
74.81313028	505.15271261
74.83913028	481.41367442
74.86513028	536.63640691
74.89113028	526.33589567
74.91713028	515.40433912
74.94313028	518.72257903
74.96913028	526.51469399
74.99513028	545.76257011
75.02113028	512.08119456
75.04713028	484.66339689
75.07313028	513.55359194
75.09913028	501.08177692
75.12513028	515.47429482
75.15113028	532.54477535
75.17713028	522.79474184
75.20313028	534.96083345
75.22913028	534.17126158
75.25513028	521.28252783
75.28113028	500.47447532
75.30713028	529.30520016
75.33313028	464.03530320
75.35913028	499.04065096
75.38513028	522.34806962
75.41113028	515.40494412
75.43713028	540.61242973
75.46313028	530.91618854
75.48913028	533.88185668
75.51513028	540.62243070
75.54113028	496.35222243
75.56713028	504.83438248
75.59313028	487.98443672
75.61913028	503.67532814
75.64513028	572.98225545
75.67113028	535.93605639
75.69713028	543.24378311
75.72313028	527.06283568
75.74913028	557.52808876
75.77513028	513.68430094
75.80113028	507.66086965
75.82713028	520.48105183
75.85313028	521.72519061
75.87913028	543.81677141
75.90513028	543.97523568
75.93113028	525.01272965
75.95713028	531.29062846
75.98313028	504.50681986
76.00913028	489.56151010
76.03513028	518.48699114
76.06113028	525.40294770
76.08713028	529.10029293
76.11313028	542.27983982
76.13913028	520.44543791
76.16513028	518.74344651
76.19113028	525.98841900
76.21713028	535.66801231
76.24313028	557.04226478
76.26913028	520.90308403
76.29513028	516.14213981
76.32113028	515.46692974
76.34713028	500.54867146
76.37313028	516.38786761
76.39913028	521.22606356
76.42513028	540.85416768
76.45113028	554.10290094
76.47713028	538.18642867
76.50313028	542.88046212
76.52913028	548.55271847
76.55513028	538.53557297
76.58113028	535.56258319
76.60713028	504.99030868
76.63313028	491.59493436
76.65913028	507.10687849
76.68513028	535.30742338
76.71113028	556.35878872
76.73713028	542.55431991
76.76313028	531.48654846
76.78913028	519.69150435
76.81513028	520.31748522
76.84113028	514.09193295
76.86713028	495.19797295
76.89313028	512.41119833
76.91913028	514.25518202
76.94513028	504.66417184
76.97113028	494.28760322
76.99713028	483.68661330
77.02313028	487.17216729
77.04913028	533.02122682
77.07513028	542.96652960
77.10113028	540.34902620
77.12713028	549.23773785
77.15313028	556.16141120
77.17913028	528.09338034
77.20513028	539.98740258
77.23113028	583.76812391
77.25713028	557.29610230
77.28313028	510.62309653
77.30913028	523.56593377
77.33513028	516.35479886
77.36113028	532.92509027
77.38713028	544.33506447
77.41313028	556.17174991
77.43913028	516.13585102
77.46513028	491.86825937
77.49113028	531.32412071
77.51713028	528.06161327
77.54313028	523.52088264
77.56913028	522.64194916
77.59513028	547.77673350
77.62113028	562.48931565
77.64713028	546.10580755
77.67313028	567.02834968
77.69913028	558.20212507
77.72513028	526.06594508
77.75113028	490.88524071
77.77713028	486.64309571
77.80313028	522.87062131
77.82913028	498.77757050
77.85513028	505.73832096
77.88113028	548.14454922
77.90713028	543.71522187
77.93313028	523.83961232
77.95913028	520.27034310
77.98513028	529.58744103
78.01113028	515.53274828
78.03713028	537.99450617
78.06313028	516.50547428
78.08913028	488.37570732
78.11513028	504.07306920
78.14113028	575.75689739
78.16713028	548.14163622
78.19313028	520.93156504
78.21913028	531.23856584
78.24513028	562.21292817
78.27113028	545.47915998
78.29713028	523.93559597
78.32313028	504.75271897
78.34913028	496.89810299
78.37513028	504.63862821
78.40113028	541.72935702
78.42713028	540.02915082
78.45313028	515.99709688
78.47913028	530.24481191
78.50513028	519.40191349
78.53113028	503.14157088
78.55713028	522.26913408
78.58313028	543.45177728
78.60913028	523.26974545
78.63513028	518.03428021
78.66113028	547.50499760
78.68713028	526.48891427
78.71313028	524.30518506
78.73913028	533.74700028
78.76513028	512.85160653
78.79113028	525.22328053
78.81713028	521.98258583
78.84313028	521.24148089
78.86913028	553.78758221
78.89513028	559.71404903
78.92113028	563.17309782
78.94713028	553.16048415
78.97313028	548.89011549
78.99913028	533.88360368
79.02513028	522.78820632
79.05113028	526.27305846
79.07713028	517.40617253
79.10313028	529.30623279
79.12913028	537.89966505
79.15513028	539.29161259
79.18113028	533.87472662
79.20713028	540.83161689
79.23313028	552.40056496
79.25913028	547.22074168
79.28513028	530.08928169
79.31113028	543.32494532
79.33713028	557.78564201
79.36313028	545.55521372
79.38913028	524.14300575
79.41513028	526.56223038
79.44113028	546.38862820
79.46713028	537.71801394
79.49313028	521.16833678
79.51913028	505.42547964
79.54513028	513.64753962
79.57113028	524.71421441
79.59713028	527.49797103
79.62313028	506.48781024
79.64913028	515.16823243
79.67513028	546.15368980
79.70113028	526.43826259
79.72713028	504.54117825
79.75313028	509.65740464
79.77913028	495.17022272
79.80513028	496.35129835
79.83113028	530.38523073
79.85713028	536.00809734
79.88313028	535.10607351
79.90913028	548.53232439
79.93513028	545.90160308
79.96113028	558.51812365
