2.01313028	8822.741464
2.03913028	7964.411899
2.06513028	8312.445459
2.09113028	7550.037238
2.11713028	6805.631343
2.14313028	6974.096759
2.16913028	5031.54672
2.19513028	5892.620269
2.22113028	6218.557296
2.24713028	5726.289021
2.27313028	5560.406733
2.29913028	5677.274464
2.32513028	4763.324327
2.35113028	4540.613643
2.37713028	4987.470891
2.40313028	4588.874548
2.42913028	4765.481245
2.45513028	4575.839452
2.48113028	4011.961597
2.50713028	4023.181771
2.53313028	4321.390047
2.55913028	3431.257164
2.58513028	3519.759442
2.61113028	3499.913882
2.63713028	3107.667324
2.66313028	3109.826806
2.68913028	3004.829441
2.71513028	2947.953357
2.74113028	3063.811167
2.76713028	2742.089131
2.79313028	2614.282104
2.81913028	2770.453934
2.84513028	2622.035693
2.87113028	3014.088729
2.89713028	2824.964037
2.92313028	2466.186001
2.94913028	2774.227648
2.97513028	2826.044524
3.00113028	2609.737323
3.02713028	2511.853042
3.05313028	2408.494724
3.07913028	2440.391331
3.10513028	2543.252764
3.13113028	2498.965159
3.15713028	2287.308244
3.18313028	2423.823784
3.20913028	2601.671905
3.23513028	2377.164585
3.26113028	2278.281934
3.28713028	2366.776032
3.31313028	2252.263754
3.33913028	2227.103876
3.36513028	2380.653763
3.39113028	2232.923934
3.41713028	2015.569594
3.44313028	2090.167536
3.46913028	2234.177838
3.49513028	2287.919005
3.52113028	2222.823706
3.54713028	1983.655206
3.57313028	1787.626689
3.59913028	1890.987624
3.62513028	1948.82855
3.65113028	1924.733468
3.67713028	1782.50321
3.70313028	1701.737049
3.72913028	1856.16346
3.75513028	1973.191102
3.78113028	1840.049151
3.80713028	1563.706623
3.83313028	1549.278333
3.85913028	1629.466472
3.88513028	1783.049411
3.91113028	1636.402112
3.93713028	1708.906895
3.96313028	1595.146242
3.98913028	1465.373838
4.01513028	1463.775562
4.04113028	1508.850688
4.06713028	1488.976419
4.09313028	1425.838603
4.11913028	1393.261202
4.14513028	1500.254166
4.17113028	1339.282364
4.19713028	1662.519841
4.22313028	1560.945459
4.24913028	1287.078404
4.27513028	1411.491028
4.30113028	1437.010578
4.32713028	1319.819735
4.35313028	1241.959755
4.37913028	1363.383451
4.40513028	1217.459595
4.43113028	1503.581724
4.45713028	1354.621496
4.48313028	1583.101678
4.50913028	1193.09961
4.53513028	1203.080869
4.56113028	1369.359924
4.58713028	1389.728243
4.61313028	1249.611947
4.63913028	1324.589594
4.66513028	1042.876235
4.69113028	1374.082906
4.71713028	1462.834652
4.74313028	1341.334299
4.76913028	1319.400141
4.79513028	1302.360154
4.82113028	1313.195097
4.84713028	1189.319215
4.87313028	1145.677004
4.89913028	1251.385764
4.92513028	1439.601201
4.95113028	1309.806726
4.97713028	1140.614317
5.00313028	1468.341719
5.02913028	1419.364127
5.05513028	1386.090784
5.08113028	1377.282823
5.10713028	1355.733423
5.13313028	1424.263366
5.15913028	1380.185108
5.18513028	1356.192669
5.21113028	1250.285388
5.23713028	1346.050494
5.26313028	1335.073759
5.28913028	1333.866934
5.31513028	1362.767691
5.34113028	1414.729242
5.36713028	1352.367884
5.39313028	1396.08427
5.41913028	1362.910143
5.44513028	1492.65826
5.47113028	1407.111173
5.49713028	1428.445128
5.52313028	1344.419505
5.54913028	1267.515739
5.57513028	1345.895742
5.60113028	1424.758699
5.62713028	1302.591165
5.65313028	1326.421773
5.67913028	1428.564859
5.70513028	1455.759539
5.73113028	1366.59449
5.75713028	1456.567801
5.78313028	1346.169836
5.80913028	1365.07186
5.83513028	1452.151712
5.86113028	1344.521242
5.88713028	1476.711555
5.91313028	1396.789083
5.93913028	1309.032758
5.96513028	1456.055828
5.99113028	1429.642896
6.01713028	1366.479982
6.04313028	1420.186833
6.06913028	1424.387394
6.09513028	1384.922853
6.12113028	1468.581198
6.14713028	1312.209032
6.17313028	1367.657332
6.19913028	1283.813589
6.22513028	1351.906391
6.25113028	1485.476784
6.27713028	1374.432088
6.30313028	1331.850223
6.32913028	1361.529748
6.35513028	1370.093332
6.38113028	1301.42122
6.40713028	1400.155247
6.43313028	1402.249734
6.45913028	1429.990566
6.48513028	1424.302208
6.51113028	1443.271167
6.53713028	1476.948381
6.56313028	1332.287628
6.58913028	1324.234687
6.61513028	1368.48703
6.64113028	1438.988175
6.66713028	1397.789445
6.69313028	1430.326231
6.71913028	1355.73507
6.74513028	1413.693909
6.77113028	1412.878922
6.79713028	1480.696668
6.82313028	1464.133308
6.84913028	1412.612542
6.87513028	1504.308875
6.90113028	1381.632784
6.92713028	1417.799364
6.95313028	1367.267882
6.97913028	1324.809121
7.00513028	1351.934849
7.03113028	1407.496906
7.05713028	1446.264888
7.08313028	1378.385759
7.10913028	1308.536643
7.13513028	1316.832733
7.16113028	1492.692464
7.18713028	1485.780504
7.21313028	1404.631591
7.23913028	1310.062891
7.26513028	1393.830117
7.29113028	1397.752539
7.31713028	1377.613044
7.34313028	1407.78064
7.36913028	1381.444814
7.39513028	1386.72117
7.42113028	1439.810863
7.44713028	1487.521784
7.47313028	1541.253786
7.49913028	1476.775441
7.52513028	1365.025598
7.55113028	1405.869204
7.57713028	1418.472493
7.60313028	1562.90088
7.62913028	1470.502845
7.65513028	1484.256308
7.68113028	1488.311872
7.70713028	1522.663988
7.73313028	1427.890668
7.75913028	1495.634555
7.78513028	1460.697741
7.81113028	1469.895597
7.83713028	1452.347451
7.86313028	1471.618044
7.88913028	1566.818369
7.91513028	1585.224804
7.94113028	1605.124429
7.96713028	1475.216577
7.99313028	1529.920544
8.01913028	1567.521423
8.04513028	1518.69212
8.07113028	1548.016369
8.09713028	1522.730973
8.12313028	1473.25825
8.14913028	1512.381583
8.17513028	1513.056027
8.20113028	1556.650149
8.22713028	1551.758861
8.25313028	1532.387818
8.27913028	1547.40465
8.30513028	1503.541951
8.33113028	1486.681917
8.35713028	1421.272545
8.38313028	1455.563092
8.40913028	1532.69668
8.43513028	1463.088013
8.46113028	1492.897486
8.48713028	1421.612865
8.51313028	1460.079132
8.53913028	1434.053487
8.56513028	1423.009513
8.59113028	1448.688834
8.61713028	1463.869953
8.64313028	1523.567369
8.66913028	1439.266848
8.69513028	1475.580832
8.72113028	1375.291102
8.74713028	1338.990484
8.77313028	1450.189191
8.79913028	1431.829455
8.82513028	1420.669478
8.85113028	1432.419015
8.87713028	1426.195184
8.90313028	1498.762267
8.92913028	1517.70774
8.95513028	1491.419483
8.98113028	1454.956829
9.00713028	1477.434299
9.03313028	1393.274281
9.05913028	1514.450523
9.08513028	1496.451756
9.11113028	1403.46058
9.13713028	1557.825342
9.16313028	1546.741055
9.18913028	1580.681179
9.21513028	1546.957418
9.24113028	1499.911663
9.26713028	1506.269927
9.29313028	1573.204726
9.31913028	1495.653331
9.34513028	1468.579604
9.37113028	1501.263165
9.39713028	1552.27052
9.42313028	1493.909543
9.44913028	1490.952133
9.47513028	1514.038061
9.50113028	1538.389298
9.52713028	1516.779376
9.55313028	1508.487016
9.57913028	1588.845301
9.60513028	1474.622865
9.63113028	1440.78352
9.65713028	1438.610408
9.68313028	1430.009484
9.70913028	1437.10988
9.73513028	1476.190714
9.76113028	1478.117716
9.78713028	1499.951829
9.81313028	1437.249227
9.83913028	1480.475407
9.86513028	1464.794891
9.89113028	1439.992829
9.91713028	1518.912931
9.94313028	1449.30734
9.96913028	1409.754444
9.99513028	1380.826345
10.02113028	1386.385528
10.04713028	1357.371525
10.07313028	1402.820747
10.09913028	1412.35852
10.12513028	1433.227959
10.15113028	1389.536153
10.17713028	1359.856238
10.20313028	1427.917377
10.22913028	1410.802585
10.25513028	1371.402924
10.28113028	1338.336221
10.30713028	1432.21126
10.33313028	1425.072643
10.35913028	1458.722644
10.38513028	1338.274983
10.41113028	1383.851493
10.43713028	1380.587371
10.46313028	1313.856127
10.48913028	1296.456564
10.51513028	1374.264394
10.54113028	1305.70032
10.56713028	1446.707818
10.59313028	1505.65001
10.61913028	1367.598763
10.64513028	1339.931492
10.67113028	1313.741138
10.69713028	1304.286021
10.72313028	1363.534139
10.74913028	1314.332332
10.77513028	1265.743809
10.80113028	1273.325093
10.82713028	1251.253067
10.85313028	1436.339843
10.87913028	1432.091003
10.90513028	1378.311014
10.93113028	1211.880227
10.95713028	1227.284749
10.98313028	1324.18462
11.00913028	1375.935661
11.03513028	1327.431849
11.06113028	1334.541528
11.08713028	1286.644709
11.11313028	1347.30931
11.13913028	1333.468909
11.16513028	1263.56745
11.19113028	1358.133108
11.21713028	1331.787134
11.24313028	1321.065055
11.26913028	1266.235783
11.29513028	1402.874053
11.32113028	1352.45848
11.34713028	1331.873338
11.37313028	1337.825975
11.39913028	1278.069779
11.42513028	1313.200779
11.45113028	1295.891075
11.47713028	1292.252481
11.50313028	1355.807593
11.52913028	1330.501992
11.55513028	1258.710013
11.58113028	1204.567063
11.60713028	1338.584211
11.63313028	1309.883077
11.65913028	1337.653822
11.68513028	1327.507612
11.71113028	1273.845623
11.73713028	1280.898891
11.76313028	1196.899802
11.78913028	1318.285762
11.81513028	1269.469732
11.84113028	1201.748438
11.86713028	1273.132627
11.89313028	1226.737173
11.91913028	1251.734701
11.94513028	1313.608795
11.97113028	1228.901533
11.99713028	1229.583327
12.02313028	1360.785393
12.04913028	1324.824444
12.07513028	1322.48579
12.10113028	1250.688119
12.12713028	1234.945018
12.15313028	1238.523371
12.17913028	1298.459824
12.20513028	1287.456771
12.23113028	1238.034083
12.25713028	1129.619559
12.28313028	1270.004064
12.30913028	1312.962961
12.33513028	1264.417502
12.36113028	1274.396556
12.38713028	1300.808634
12.41313028	1351.747941
12.43913028	1287.066547
12.46513028	1343.134529
12.49113028	1335.122848
12.51713028	1273.188378
12.54313028	1318.167439
12.56913028	1315.953519
12.59513028	1303.22665
12.62113028	1287.427543
12.64713028	1168.068525
12.67313028	1244.530106
12.69913028	1325.021738
12.72513028	1355.924353
12.75113028	1287.607292
12.77713028	1268.108544
12.80313028	1245.011617
12.82913028	1267.378932
12.85513028	1310.287609
12.88113028	1311.647223
12.90713028	1258.577954
12.93313028	1218.6606
12.95913028	1313.153791
12.98513028	1353.067623
13.01113028	1210.42573
13.03713028	1214.118372
13.06313028	1308.485126
13.08913028	1416.501649
13.11513028	1312.487139
13.14113028	1336.880267
13.16713028	1284.436338
13.19313028	1290.985202
13.21913028	1315.524332
13.24513028	1300.29494
13.27113028	1273.301314
13.29713028	1316.062037
13.32313028	1350.062007
13.34913028	1395.560852
13.37513028	1425.837409
13.40113028	1375.137434
13.42713028	1311.087743
13.45313028	1375.697886
13.47913028	1400.461661
13.50513028	1384.503875
13.53113028	1390.870729
13.55713028	1295.678998
13.58313028	1382.595499
13.60913028	1323.789239
13.63513028	1364.968643
13.66113028	1309.843363
13.68713028	1278.824467
13.71313028	1227.100318
13.73913028	1355.079725
13.76513028	1355.638978
13.79113028	1424.478821
13.81713028	1325.346392
13.84313028	1360.213109
13.86913028	1300.748291
13.89513028	1208.818792
13.92113028	1355.78711
13.94713028	1334.661126
13.97313028	1345.750797
13.99913028	1469.840385
14.02513028	1393.242151
14.05113028	1453.621604
14.07713028	1449.065649
14.10313028	1358.498091
14.12913028	1491.990482
14.15513028	1444.277787
14.18113028	1419.529518
14.20713028	1404.687591
14.23313028	1480.224445
14.25913028	1469.196005
14.28513028	1327.024686
14.31113028	1428.169246
14.33713028	1460.8617
14.36313028	1447.865948
14.38913028	1444.53498
14.41513028	1380.93415
14.44113028	1406.966563
14.46713028	1384.886713
14.49313028	1402.323372
14.51913028	1447.908965
14.54513028	1482.076606
14.57113028	1451.80768
14.59713028	1489.421409
14.62313028	1504.904561
14.64913028	1376.525695
14.67513028	1467.443797
14.70113028	1445.188561
14.72713028	1496.444194
14.75313028	1531.962921
14.77913028	1552.446581
14.80513028	1530.327012
14.83113028	1491.057963
14.85713028	1508.796798
14.88313028	1524.08525
14.90913028	1500.032234
14.93513028	1517.270006
14.96113028	1537.938667
14.98713028	1550.069485
15.01313028	1627.203591
15.03913028	1552.974567
15.06513028	1595.312945
15.09113028	1582.362145
15.11713028	1605.114997
15.14313028	1673.774311
15.16913028	1763.846037
15.19513028	1602.748721
15.22113028	1547.616073
15.24713028	1662.309134
15.27313028	1697.209861
15.29913028	1687.510248
15.32513028	1667.072379
15.35113028	1607.294399
15.37713028	1605.927327
15.40313028	1585.275918
15.42913028	1673.052685
15.45513028	1631.576425
15.48113028	1674.723454
15.50713028	1702.144347
15.53313028	1612.002032
15.55913028	1667.645692
15.58513028	1724.373751
15.61113028	1700.64222
15.63713028	1690.836618
15.66313028	1612.833845
15.68913028	1670.229039
15.71513028	1623.514694
15.74113028	1633.086203
15.76713028	1635.89939
15.79313028	1644.587958
15.81913028	1664.764503
15.84513028	1616.60454
15.87113028	1675.367008
15.89713028	1664.64477
15.92313028	1686.480103
15.94913028	1612.725285
15.97513028	1604.983332
16.00113028	1625.657303
16.02713028	1694.261365
16.05313028	1681.801204
16.07913028	1703.802828
16.10513028	1662.331768
16.13113028	1716.141382
16.15713028	1716.922242
16.18313028	1782.780098
16.20913028	1812.131894
16.23513028	1776.236976
16.26113028	1806.377379
16.28713028	1743.916752
16.31313028	1896.202909
16.33913028	1824.509364
16.36513028	1705.325445
16.39113028	1768.751285
16.41713028	1827.576319
16.44313028	1827.483983
16.46913028	1832.139363
16.49513028	1721.050134
16.52113028	1817.304254
16.54713028	1738.104529
16.57313028	1733.166769
16.59913028	1732.21542
16.62513028	1713.389426
16.65113028	1701.57966
16.67713028	1840.723379
16.70313028	1811.429749
16.72913028	1870.639253
16.75513028	1728.508244
16.78113028	1765.292111
16.80713028	1756.238565
16.83313028	1704.77779
16.85913028	1908.620618
16.88513028	1871.33019
16.91113028	1768.080089
16.93713028	1674.32036
16.96313028	1778.74484
16.98913028	1892.377637
17.01513028	1793.237058
17.04113028	1780.677265
17.06713028	1709.3209
17.09313028	1710.569547
17.11913028	1730.434614
17.14513028	1808.097788
17.17113028	1867.659237
17.19713028	1720.42293
17.22313028	1751.92122
17.24913028	1788.488351
17.27513028	1719.513053
17.30113028	1737.558914
17.32713028	1887.90421
17.35313028	1915.549642
17.37913028	1915.360234
17.40513028	1838.716985
17.43113028	1848.99366
17.45713028	1976.250723
17.48313028	1951.003965
17.50913028	1880.23223
17.53513028	2043.340136
17.56113028	2032.28499
17.58713028	1962.025955
17.61313028	2005.511525
17.63913028	2112.499102
17.66513028	2126.374823
17.69113028	2170.921529
17.71713028	2223.68455
17.74313028	2169.131875
17.76913028	2118.837429
17.79513028	2140.691362
17.82113028	2130.057603
17.84713028	2081.442976
17.87313028	2104.578153
17.89913028	2165.370179
17.92513028	2195.936936
17.95113028	2247.81145
17.97713028	2140.223798
18.00313028	2133.433948
18.02913028	2218.931201
18.05513028	2259.143128
18.08113028	2232.37837
18.10713028	2200.271249
18.13313028	2207.272476
18.15913028	2252.220386
18.18513028	2402.131644
18.21113028	2384.587388
18.23713028	2429.789915
18.26313028	2386.743643
18.28913028	2410.87299
18.31513028	2543.907297
18.34113028	2459.743674
18.36713028	2425.799805
18.39313028	2426.804387
18.41913028	2380.21984
18.44513028	2471.397528
18.47113028	2480.841819
18.49713028	2411.156933
18.52313028	2460.420854
18.54913028	2380.782425
18.57513028	2542.728504
18.60113028	2536.523278
18.62713028	2482.050392
18.65313028	2325.397937
18.67913028	2399.599189
18.70513028	2368.285215
18.73113028	2432.53414
18.75713028	2460.304568
18.78313028	2271.344501
18.80913028	2279.769239
18.83513028	2373.971882
18.86113028	2523.346678
18.88713028	2650.715846
18.91313028	2529.465186
18.93913028	2451.522451
18.96513028	2418.008687
18.99113028	2489.744828
19.01713028	2580.732912
19.04313028	2547.720411
19.06913028	2603.996597
19.09513028	2513.390327
19.12113028	2500.099409
19.14713028	2639.000025
19.17313028	2619.7449
19.19913028	2589.186855
19.22513028	2661.828605
19.25113028	2626.629871
19.27713028	2508.475401
19.30313028	2484.690076
19.32913028	2513.934362
19.35513028	2616.130011
19.38113028	2721.608028
19.40713028	2706.283699
19.43313028	2617.307283
19.45913028	2607.084144
19.48513028	2646.523423
19.51113028	2599.108779
19.53713028	2664.427654
19.56313028	2600.878946
19.58913028	2632.630502
19.61513028	2769.113996
19.64113028	2790.860069
19.66713028	2729.748064
19.69313028	2606.00456
19.71913028	2853.349023
19.74513028	2864.759241
19.77113028	2806.577863
19.79713028	3069.679655
19.82313028	3004.420826
19.84913028	2956.481527
19.87513028	2955.315834
19.90113028	3037.087311
19.92713028	3040.264161
19.95313028	2955.321214
19.97913028	3196.157025
20.00513028	3694.15588
20.03113028	3419.703497
20.05713028	3582.380637
20.08313028	3417.862588
20.10913028	3570.421972
20.13513028	3938.988317
20.16113028	3782.837337
20.18713028	3552.881462
20.21313028	3630.5452
20.23913028	3529.243051
20.26513028	3883.52101
20.29113028	4067.838825
20.31713028	3951.423812
20.34313028	3630.335847
20.36913028	3914.976409
20.39513028	3794.636154
20.42113028	3768.537601
20.44713028	3854.022489
20.47313028	3706.582105
20.49913028	3862.516298
20.52513028	3996.058398
20.55113028	3827.358514
20.57713028	3629.178895
20.60313028	3931.733405
20.62913028	3947.399099
20.65513028	3949.606333
20.68113028	3971.151188
20.70713028	3788.772372
20.73313028	3914.248985
20.75913028	3677.013119
20.78513028	3872.90378
20.81113028	3832.484585
20.83713028	3608.544012
20.86313028	3586.079371
20.88913028	3765.139606
20.91513028	3813.265574
20.94113028	3776.695614
20.96713028	3659.382076
20.99313028	3521.675265
21.01913028	3427.31867
21.04513028	3301.266485
21.07113028	3267.663361
21.09713028	3369.165748
21.12313028	3338.061229
21.14913028	3375.908963
21.17513028	3343.161413
21.20113028	3067.319434
21.22713028	3146.700387
21.25313028	3077.155914
21.27913028	3211.513301
21.30513028	3223.79123
21.33113028	3035.19844
21.35713028	2966.430955
21.38313028	3002.701081
21.40913028	2849.343607
21.43513028	2794.15605
21.46113028	2718.462485
21.48713028	2651.177206
21.51313028	2758.679593
21.53913028	2624.369107
21.56513028	2552.937991
21.59113028	2774.53575
21.61713028	2756.502843
21.64313028	2603.929184
21.66913028	2452.483054
21.69513028	2419.120207
21.72113028	2317.764796
21.74713028	2345.63453
21.77313028	2269.530238
21.79913028	2259.725903
21.82513028	2282.326475
21.85113028	2187.801553
21.87713028	2141.258837
21.90313028	2074.505284
21.92913028	2095.55527
21.95513028	2038.060007
21.98113028	1871.694764
22.00713028	1914.47968
22.03313028	2026.005569
22.05913028	2108.535729
22.08513028	2068.67913
22.11113028	1755.359909
22.13713028	1814.302127
22.16313028	1772.868712
22.18913028	1765.36728
22.21513028	1959.016312
22.24113028	1914.39595
22.26713028	1931.267281
22.29313028	1946.361713
22.31913028	2077.493087
22.34513028	1832.496336
22.37113028	1832.058362
22.39713028	1755.044721
22.42313028	1934.879939
22.44913028	1877.448389
22.47513028	1763.423079
22.50113028	1659.462885
22.52713028	1818.747928
22.55313028	1722.456283
22.57913028	1691.136861
22.60513028	1643.863903
22.63113028	1778.363543
22.65713028	1730.183471
22.68313028	1693.455794
22.70913028	1654.863509
22.73513028	1756.707681
22.76113028	1607.82783
22.78713028	1716.401434
22.81313028	1619.0193
22.83913028	1698.470981
22.86513028	1728.335829
22.89113028	1582.45801
22.91713028	1531.908485
22.94313028	1766.609255
22.96913028	1591.479969
22.99513028	1783.415587
23.02113028	1570.987805
23.04713028	1577.360221
23.07313028	1602.368398
23.09913028	1620.477697
23.12513028	1615.897289
23.15113028	1778.775005
23.17713028	1538.73497
23.20313028	1469.763291
23.22913028	1467.266689
23.25513028	1521.91503
23.28113028	1523.44279
23.30713028	1569.02469
23.33313028	1688.499351
23.35913028	1475.509654
23.38513028	1483.874217
23.41113028	1549.643582
23.43713028	1549.954654
23.46313028	1502.047521
23.48913028	1546.368041
23.51513028	1592.095208
23.54113028	1499.12442
23.56713028	1577.608354
23.59313028	1598.234564
23.61913028	1561.941497
23.64513028	1532.68234
23.67113028	1505.378952
23.69713028	1457.684869
23.72313028	1474.225503
23.74913028	1512.730752
23.77513028	1527.702797
23.80113028	1549.331471
23.82713028	1454.190539
23.85313028	1400.457941
23.87913028	1427.73269
23.90513028	1454.216319
23.93113028	1444.906529
23.95713028	1427.933314
23.98313028	1461.839948
24.00913028	1574.528325
24.03513028	1486.730504
24.06113028	1447.165913
24.08713028	1511.773053
24.11313028	1532.031728
24.13913028	1468.604182
24.16513028	1452.366103
24.19113028	1431.132487
24.21713028	1346.528378
24.24313028	1307.622317
24.26913028	1382.273345
24.29513028	1568.145334
24.32113028	1573.883888
24.34713028	1384.380628
24.37313028	1382.592627
24.39913028	1471.343551
24.42513028	1488.811435
24.45113028	1440.062603
24.47713028	1366.693289
24.50313028	1417.496059
24.52913028	1444.536336
24.55513028	1475.349113
24.58113028	1459.783864
24.60713028	1423.822642
24.63313028	1459.870066
24.65913028	1402.842002
24.68513028	1321.894105
24.71113028	1244.479071
24.73713028	1314.14659
24.76313028	1491.274637
24.78913028	1431.902214
24.81513028	1380.895904
24.84113028	1413.86249
24.86713028	1344.466624
24.89313028	1344.11258
24.91913028	1400.117144
24.94513028	1290.57972
24.97113028	1305.300159
24.99713028	1326.415712
25.02313028	1328.57857
25.04913028	1381.182496
25.07513028	1412.01662
25.10113028	1366.32208
25.12713028	1335.393266
25.15313028	1235.509258
25.17913028	1379.360956
25.20513028	1521.535556
25.23113028	1394.318464
25.25713028	1331.477407
25.28313028	1304.57075
25.30913028	1397.835403
25.33513028	1432.946764
25.36113028	1323.258091
25.38713028	1287.863186
25.41313028	1444.427277
25.43913028	1268.740392
25.46513028	1355.29127
25.49113028	1353.69053
25.51713028	1189.275181
25.54313028	1341.475127
25.56913028	1402.109084
25.59513028	1323.230322
25.62113028	1251.543339
25.64713028	1340.141239
25.67313028	1257.965649
25.69913028	1373.372017
25.72513028	1242.143443
25.75113028	1300.596662
25.77713028	1280.460289
25.80313028	1261.234998
25.82913028	1297.143562
25.85513028	1290.09304
25.88113028	1212.508216
25.90713028	1332.271655
25.93313028	1287.239664
25.95913028	1255.799193
25.98513028	1292.862339
26.01113028	1263.593435
26.03713028	1299.349367
26.06313028	1263.814831
26.08913028	1256.083506
26.11513028	1303.061315
26.14113028	1269.35627
26.16713028	1256.539622
26.19313028	1287.539983
26.21913028	1221.622295
26.24513028	1265.145489
26.27113028	1252.858545
26.29713028	1344.079635
26.32313028	1400.725637
26.34913028	1246.881794
26.37513028	1198.173837
26.40113028	1194.62976
26.42713028	1241.034935
26.45313028	1342.662436
26.47913028	1343.106651
26.50513028	1309.721905
26.53113028	1252.818403
26.55713028	1257.27886
26.58313028	1223.64328
26.60913028	1134.808166
26.63513028	1141.381969
26.66113028	1237.716277
26.68713028	1257.789738
26.71313028	1210.729335
26.73913028	1244.969991
26.76513028	1232.053121
26.79113028	1273.939372
26.81713028	1340.101363
26.84313028	1241.55219
26.86913028	1170.416115
26.89513028	1173.926827
26.92113028	1129.278052
26.94713028	1200.451413
26.97313028	1304.635819
26.99913028	1253.549192
27.02513028	1247.111872
27.05113028	1269.62238
27.07713028	1197.635852
27.10313028	1179.026078
27.12913028	1249.916738
27.15513028	1211.409341
27.18113028	1131.729252
27.20713028	1180.779677
27.23313028	1204.471426
27.25913028	1188.123342
27.28513028	1138.935398
27.31113028	1135.950573
27.33713028	1163.847472
27.36313028	1188.491544
27.38913028	1162.416861
27.41513028	1184.676096
27.44113028	1221.755587
27.46713028	1246.034409
27.49313028	1255.886317
27.51913028	1224.157726
27.54513028	1254.127651
27.57113028	1207.893299
27.59713028	1161.123291
27.62313028	1177.802039
27.64913028	1180.076156
27.67513028	1052.846891
27.70113028	1146.990031
27.72713028	1219.882732
27.75313028	1110.284108
27.77913028	1137.337684
27.80513028	1129.646065
27.83113028	1136.331659
27.85713028	1140.218465
27.88313028	1182.564316
27.90913028	1136.311003
27.93513028	1044.180815
27.96113028	1141.34062
27.98713028	1094.255975
28.01313028	1247.764191
28.03913028	1159.284427
28.06513028	1393.420744
28.09113028	1270.079889
28.11713028	1160.423777
28.14313028	1302.147349
28.16913028	1279.470635
28.19513028	1305.85935
28.22113028	1179.884965
28.24713028	1287.124424
28.27313028	1123.085375
28.29913028	1237.103542
28.32513028	1242.924138
28.35113028	1275.518647
28.37713028	1212.721936
28.40313028	1165.832462
28.42913028	1223.513435
28.45513028	1122.964216
28.48113028	1125.867606
28.50713028	1160.623441
28.53313028	1324.085605
28.55913028	1214.3632
28.58513028	1221.11351
28.61113028	1145.949047
28.63713028	1168.391307
28.66313028	1076.876861
28.68913028	1167.970233
28.71513028	1145.253345
28.74113028	1176.538643
28.76713028	1284.009886
28.79313028	1165.457313
28.81913028	1033.811407
28.84513028	1042.066915
28.87113028	1197.176849
28.89713028	1171.659975
28.92313028	1136.101274
28.94913028	1102.177174
28.97513028	1107.668416
29.00113028	1147.055651
29.02713028	1149.309325
29.05313028	1149.861428
29.07913028	1212.925876
29.10513028	1156.810226
29.13113028	1130.610764
29.15713028	1135.358332
29.18313028	1195.376938
29.20913028	1165.210923
29.23513028	1070.547342
29.26113028	1103.210505
29.28713028	1141.4431
29.31313028	1152.936868
29.33913028	1131.636893
29.36513028	1141.616983
29.39113028	1075.293656
29.41713028	1061.409854
29.44313028	1127.96889
29.46913028	1106.083706
29.49513028	1081.987885
29.52113028	1057.537732
29.54713028	1038.033756
29.57313028	1040.74569
29.59913028	1076.907586
29.62513028	1126.586164
29.65113028	1135.115862
29.67713028	1099.867228
29.70313028	1101.562784
29.72913028	1109.787511
29.75513028	1064.132879
29.78113028	1107.270859
29.80713028	1090.660736
29.83313028	1121.812674
29.85913028	1083.078957
29.88513028	1041.495281
29.91113028	1055.238512
29.93713028	1148.099389
29.96313028	1085.014628
29.98913028	1069.392209
30.01513028	1047.158442
30.04113028	1097.61515
30.06713028	1189.69021
30.09313028	1207.355638
30.11913028	1111.298844
30.14513028	1081.956158
30.17113028	1023.441939
30.19713028	1065.170651
30.22313028	1122.782734
30.24913028	1155.928786
30.27513028	1117.677213
30.30113028	1010.436129
30.32713028	1077.626831
30.35313028	1039.629476
30.37913028	1158.019623
30.40513028	1121.851361
30.43113028	1076.147561
30.45713028	1052.51238
30.48313028	1086.363689
30.50913028	1210.619552
30.53513028	1198.643655
30.56113028	1071.117407
30.58713028	1062.634124
30.61313028	1161.952218
30.63913028	1108.019643
30.66513028	1129.319956
30.69113028	1166.795893
30.71713028	1103.242663
30.74313028	974.2830324
30.76913028	1115.805836
30.79513028	1081.10107
30.82113028	1134.942765
30.84713028	1019.611446
30.87313028	1167.227277
30.89913028	1064.382195
30.92513028	1009.580131
30.95113028	1145.369668
30.97713028	1069.724901
31.00313028	951.0636733
31.02913028	1111.814944
31.05513028	1089.27613
31.08113028	1141.212138
31.10713028	1064.323564
31.13313028	1126.999892
31.15913028	1091.618534
31.18513028	1003.260833
31.21113028	1082.90354
31.23713028	1040.441476
31.26313028	1034.229546
31.28913028	1048.772747
31.31513028	1144.107394
31.34113028	1178.075472
31.36713028	1068.879706
31.39313028	1081.037367
31.41913028	1061.852414
31.44513028	1090.562407
31.47113028	1114.359222
31.49713028	1050.348205
31.52313028	1018.290418
31.54913028	1172.667784
31.57513028	1149.696476
31.60113028	1059.586993
31.62713028	1117.936004
31.65313028	1037.371992
31.67913028	1039.256015
31.70513028	1085.597702
31.73113028	1059.154345
31.75713028	1095.705835
31.78313028	1073.654684
31.80913028	1005.679699
31.83513028	1107.080402
31.86113028	1041.089509
31.88713028	971.8053333
31.91313028	1016.371004
31.93913028	1051.66919
31.96513028	1053.518623
31.99113028	1091.252133
32.01713028	1044.044585
32.04313028	1039.531981
32.06913028	1136.372828
32.09513028	1143.225496
32.12113028	1062.773403
32.14713028	1048.702719
32.17313028	1088.99454
32.19913028	1099.391293
32.22513028	1063.037741
32.25113028	1043.047014
32.27713028	1029.658325
32.30313028	966.8859107
32.32913028	1009.038404
32.35513028	1022.754294
32.38113028	1025.59635
32.40713028	1116.416222
32.43313028	1001.797665
32.45913028	923.2340462
32.48513028	1026.902483
32.51113028	1062.759655
32.53713028	1029.064074
32.56313028	1016.340442
32.58913028	1051.43091
32.61513028	1004.787719
32.64113028	1047.614647
32.66713028	1076.856906
32.69313028	1085.190211
32.71913028	1023.366345
32.74513028	1150.999358
32.77113028	1069.56505
32.79713028	1115.816888
32.82313028	1118.371108
32.84913028	991.7074283
32.87513028	1037.079944
32.90113028	1051.246716
32.92713028	1085.916248
32.95313028	1047.108221
32.97913028	981.058494
33.00513028	1096.457962
33.03113028	1057.299067
33.05713028	1176.240483
33.08313028	1154.842604
33.10913028	1073.843972
33.13513028	1139.640058
33.16113028	951.120515
33.18713028	1106.78197
33.21313028	1059.120037
33.23913028	1041.801128
33.26513028	1111.468363
33.29113028	1166.031584
33.31713028	1082.264387
33.34313028	1115.916691
33.36913028	1075.486388
33.39513028	1138.338943
33.42113028	924.4336274
33.44713028	991.6221279
33.47313028	1085.688654
33.49913028	1066.601523
33.52513028	1014.923274
33.55113028	1081.113761
33.57713028	950.2256649
33.60313028	1097.606124
33.62913028	1057.516138
33.65513028	990.4233398
33.68113028	1059.174366
33.70713028	1045.673406
33.73313028	1147.307462
33.75913028	1192.344281
33.78513028	1131.765892
33.81113028	1154.586937
33.83713028	1195.886471
33.86313028	1162.392097
33.88913028	1104.730721
33.91513028	1125.336169
33.94113028	1109.085611
33.96713028	1190.202409
33.99313028	1208.140535
34.01913028	1102.993648
34.04513028	1017.537219
34.07113028	1064.201302
34.09713028	1156.203128
34.12313028	1096.824995
34.14913028	1068.058147
34.17513028	1145.151446
34.20113028	1135.286094
34.22713028	1083.318916
34.25313028	1097.39811
34.27913028	1168.309937
34.30513028	1205.105292
34.33113028	1196.944571
34.35713028	1063.704616
34.38313028	1048.751041
34.40913028	1133.892847
34.43513028	1160.923855
34.46113028	1171.868689
34.48713028	1183.401377
34.51313028	1200.485994
34.53913028	1157.305043
34.56513028	1110.054971
34.59113028	1129.428071
34.61713028	1152.345459
34.64313028	1066.919914
34.66913028	1036.986554
34.69513028	1043.614728
34.72113028	1056.30929
34.74713028	1069.669886
34.77313028	1044.205584
34.79913028	1049.803927
34.82513028	1074.845415
34.85113028	1130.105498
34.87713028	1166.614885
34.90313028	1148.054945
34.92913028	1138.795142
34.95513028	1122.509257
34.98113028	1099.816917
35.00713028	1099.600303
35.03313028	1075.986596
35.05913028	1136.789204
35.08513028	1227.682771
35.11113028	1194.337496
35.13713028	1220.724005
35.16313028	1220.908891
35.18913028	1195.072584
35.21513028	1118.537993
35.24113028	1125.200647
35.26713028	1203.433713
35.29313028	1185.226726
35.31913028	1203.330007
35.34513028	1187.625123
35.37113028	1141.70732
35.39713028	1138.583638
35.42313028	1153.83195
35.44913028	1150.691209
35.47513028	1079.290134
35.50113028	1107.827099
35.52713028	1237.348222
35.55313028	1246.517254
35.57913028	1221.08042
35.60513028	1263.254751
35.63113028	1175.497162
35.65713028	1334.423584
35.68313028	1136.638818
35.70913028	1076.715339
35.73513028	1237.349332
35.76113028	1162.613964
35.78713028	1146.035371
35.81313028	1169.928788
35.83913028	1222.465446
35.86513028	1176.832295
35.89113028	1147.666922
35.91713028	1203.534338
35.94313028	1162.073383
35.96913028	1160.080461
35.99513028	1081.642286
36.02113028	1249.641259
36.04713028	1289.865483
36.07313028	1183.29907
36.09913028	1159.814986
36.12513028	1158.82319
36.15113028	1182.703845
36.17713028	1331.537416
36.20313028	1271.078085
36.22913028	1369.786662
36.25513028	1195.697545
36.28113028	1228.52997
36.30713028	1206.223275
36.33313028	1301.034408
36.35913028	1179.970607
36.38513028	1105.517831
36.41113028	1193.915479
36.43713028	1294.185187
36.46313028	1298.514765
36.48913028	1374.645909
36.51513028	1333.826479
36.54113028	1222.693275
36.56713028	1255.693668
36.59313028	1261.434675
36.61913028	1352.62709
36.64513028	1256.230078
36.67113028	1278.494917
36.69713028	1307.432172
36.72313028	1236.964559
36.74913028	1344.290036
36.77513028	1291.667284
36.80113028	1300.749381
36.82713028	1276.115071
36.85313028	1185.133129
36.87913028	1117.05301
36.90513028	1182.068388
36.93113028	1171.995485
36.95713028	1221.209727
36.98313028	1214.785538
37.00913028	1172.457897
37.03513028	1124.866603
37.06113028	1202.408139
37.08713028	1290.037121
37.11313028	1308.781038
37.13913028	1260.290663
37.16513028	1262.564508
37.19113028	1206.330305
37.21713028	1205.747617
37.24313028	1190.597989
37.26913028	1077.175173
37.29513028	1070.16391
37.32113028	1198.628839
37.34713028	1242.976472
37.37313028	1146.555076
37.39913028	1092.3523
37.42513028	1093.130997
37.45113028	1131.548571
37.47713028	1226.784785
37.50313028	1230.062096
37.52913028	1112.084366
37.55513028	1087.746485
37.58113028	1172.323516
37.60713028	1187.239184
37.63313028	1183.980633
37.65913028	1155.570024
37.68513028	1132.591693
37.71113028	1202.910269
37.73713028	1215.778177
37.76313028	1198.290193
37.78913028	1143.459996
37.81513028	1106.477407
37.84113028	1149.714407
37.86713028	1176.512594
37.89313028	1119.309383
37.91913028	1129.403413
37.94513028	1178.128871
37.97113028	1174.889892
37.99713028	1205.215953
38.02313028	1128.656595
38.04913028	1205.064553
38.07513028	1181.327111
38.10113028	1231.634007
38.12713028	1278.952147
38.15313028	1198.703858
38.17913028	1158.329886
38.20513028	1156.819827
38.23113028	1078.36245
38.25713028	1102.307009
38.28313028	1207.609364
38.30913028	1175.966218
38.33513028	1175.764507
38.36113028	1199.60565
38.38713028	1167.309245
38.41313028	1154.089888
38.43913028	1182.979964
38.46513028	1121.215966
38.49113028	1115.842287
38.51713028	1141.905938
38.54313028	1208.581498
38.56913028	1249.763221
38.59513028	1153.341991
38.62113028	1250.504099
38.64713028	1157.530251
38.67313028	1171.900737
38.69913028	1286.513316
38.72513028	1264.550536
38.75113028	1137.849141
38.77713028	1256.544875
38.80313028	1202.587524
38.82913028	1336.825188
38.85513028	1227.183417
38.88113028	1272.055306
38.90713028	1227.309601
38.93313028	1114.758459
38.95913028	1360.866718
38.98513028	1218.14159
39.01113028	1281.619147
39.03713028	1232.80529
39.06313028	1269.831276
39.08913028	1136.292704
39.11513028	1273.284672
39.14113028	1359.848232
39.16713028	1283.648156
39.19313028	1189.594244
39.21913028	1282.52987
39.24513028	1268.383441
39.27113028	1214.670493
39.29713028	1272.621919
39.32313028	1292.684353
39.34913028	1244.367777
39.37513028	1272.813837
39.40113028	1262.23628
39.42713028	1260.46523
39.45313028	1276.209172
39.47913028	1185.801436
39.50513028	1212.509477
39.53113028	1232.347033
39.55713028	1172.346038
39.58313028	1254.328679
39.60913028	1325.990793
39.63513028	1239.977333
39.66113028	1254.457466
39.68713028	1266.891828
39.71313028	1277.342612
39.73913028	1294.997666
39.76513028	1274.501884
39.79113028	1297.355978
39.81713028	1318.259707
39.84313028	1340.831369
39.86913028	1272.979836
39.89513028	1183.245997
39.92113028	1172.841511
39.94713028	1171.587525
39.97313028	1242.206758
39.99913028	1294.619386
40.02513028	1235.748425
40.05113028	1150.792746
40.07713028	1156.06082
40.10313028	1264.556859
40.12913028	1249.904984
40.15513028	1219.478496
40.18113028	1263.538195
40.20713028	1280.882398
40.23313028	1375.793014
40.25913028	1350.241529
40.28513028	1270.336194
40.31113028	1286.894191
40.33713028	1310.622344
40.36313028	1257.22471
40.38913028	1184.091507
40.41513028	1243.244944
40.44113028	1254.576979
40.46713028	1271.497731
40.49313028	1305.151257
40.51913028	1291.196275
40.54513028	1290.965666
40.57113028	1249.022329
40.59713028	1218.035103
40.62313028	1221.945369
40.64913028	1224.893026
40.67513028	1224.000299
40.70113028	1249.86155
40.72713028	1199.810843
40.75313028	1167.364093
40.77913028	1139.638663
40.80513028	1334.415136
40.83113028	1237.465777
40.85713028	1231.322414
40.88313028	1321.38412
40.90913028	1184.286369
40.93513028	1256.461199
40.96113028	1242.875871
40.98713028	1264.781214
41.01313028	1232.051946
41.03913028	1221.103151
41.06513028	1184.904448
41.09113028	1338.595923
41.11713028	1311.239665
41.14313028	1217.955688
41.16913028	1277.616689
41.19513028	1169.660472
41.22113028	1184.114743
41.24713028	1295.49702
41.27313028	1144.585253
41.29913028	1138.623328
41.32513028	1020.76547
41.35113028	1288.742019
41.37713028	1247.730702
41.40313028	1151.073504
41.42913028	1230.439769
41.45513028	1176.380689
41.48113028	1314.276308
41.50713028	1248.768436
41.53313028	1181.053138
41.55913028	1186.988337
41.58513028	1213.420812
41.61113028	1268.835729
41.63713028	1278.659155
41.66313028	1189.920182
41.68913028	1192.924381
41.71513028	1208.177532
41.74113028	1078.095093
41.76713028	1206.033119
41.79313028	1179.193294
41.81913028	1153.196257
41.84513028	1198.928706
41.87113028	1226.285626
41.89713028	1207.415667
41.92313028	1190.212764
41.94913028	1144.670802
41.97513028	1167.036135
42.00113028	1145.941947
42.02713028	1152.891756
42.05313028	1247.99897
42.07913028	1177.366794
42.10513028	1115.589699
42.13113028	1164.501353
42.15713028	1131.53891
42.18313028	1241.447982
42.20913028	1193.031025
42.23513028	1198.275278
42.26113028	1231.342141
42.28713028	1151.344992
42.31313028	1191.364308
42.33913028	1113.11817
42.36513028	1027.929855
42.39113028	1108.84803
42.41713028	1189.287435
42.44313028	1116.457714
42.46913028	1091.303392
42.49513028	1080.944356
42.52113028	1055.776934
42.54713028	1073.202368
42.57313028	1083.136284
42.59913028	1052.423022
42.62513028	1000.433386
42.65113028	996.3590561
42.67713028	1033.210915
42.70313028	1071.28084
42.72913028	1095.081357
42.75513028	1095.382312
42.78113028	1097.41655
42.80713028	1109.492639
42.83313028	1114.945031
42.85913028	1112.176648
42.88513028	1065.85612
42.91113028	1005.681695
42.93713028	1058.840457
42.96313028	1107.397766
42.98913028	1072.67991
43.01513028	1149.196477
43.04113028	1097.412547
43.06713028	1059.646776
43.09313028	1060.364014
43.11913028	1162.305542
43.14513028	1118.924758
43.17113028	1018.897764
43.19713028	999.5544722
43.22313028	1040.906412
43.24913028	1106.522778
43.27513028	1109.181339
43.30113028	1024.998833
43.32713028	1046.30288
43.35313028	1044.139289
43.37913028	971.9296522
43.40513028	1081.169506
43.43113028	976.2798727
43.45713028	920.548673
43.48313028	978.7652368
43.50913028	1020.281764
43.53513028	1072.985397
43.56113028	1057.367238
43.58713028	964.7858891
43.61313028	961.8294942
43.63913028	1063.945533
43.66513028	997.7831038
43.69113028	1013.685132
43.71713028	1013.629943
43.74313028	1074.8191
43.76913028	999.4722774
43.79513028	995.6463997
43.82113028	1036.809547
43.84713028	947.5436079
43.87313028	945.6323522
43.89913028	891.7335531
43.92513028	896.216819
43.95113028	1052.06446
43.97713028	1019.025405
44.00313028	964.6175327
44.02913028	936.3517658
44.05513028	952.9576758
44.08113028	1024.751532
44.10713028	1093.08334
44.13313028	1048.207458
44.15913028	944.0593225
44.18513028	904.0006316
44.21113028	834.6787291
44.23713028	928.5923446
44.26313028	952.1667055
44.28913028	918.7812777
44.31513028	923.6979332
44.34113028	909.075402
44.36713028	919.6526547
44.39313028	961.5232737
44.41913028	998.2423232
44.44513028	963.8364988
44.47113028	966.9228397
44.49713028	946.8386943
44.52313028	901.3215813
44.54913028	937.5432727
44.57513028	983.0013713
44.60113028	1009.608377
44.62713028	1071.441618
44.65313028	925.0154801
44.67913028	914.29737
44.70513028	973.9868104
44.73113028	1007.13616
44.75713028	964.2770301
44.78313028	883.656858
44.80913028	905.5648249
44.83513028	901.2226619
44.86113028	880.5415475
44.88713028	974.611903
44.91313028	955.4512584
44.93913028	948.2035043
44.96513028	944.167131
44.99113028	992.0340827
45.01713028	1001.374117
45.04313028	884.2821988
45.06913028	865.3358686
45.09513028	900.9357844
45.12113028	870.2283414
45.14713028	868.911173
45.17313028	921.9452199
45.19913028	954.4305801
45.22513028	964.3086065
45.25113028	908.4568867
45.27713028	920.5389592
45.30313028	1020.964949
45.32913028	991.1433956
45.35513028	918.6133427
45.38113028	910.3769178
45.40713028	886.1065837
45.43313028	876.5695435
45.45913028	922.4815206
45.48513028	904.7051208
45.51113028	868.1964123
45.53713028	859.478037
45.56313028	862.8334008
45.58913028	902.6885921
45.61513028	906.4041265
45.64113028	883.5060967
45.66713028	875.7046524
45.69313028	927.4272802
45.71913028	916.3906008
45.74513028	887.6970798
45.77113028	858.0201736
45.79713028	838.6472681
45.82313028	863.0370043
45.84913028	833.7136395
45.87513028	868.1323626
45.90113028	889.6155999
45.92713028	903.5218635
45.95313028	942.6904777
45.97913028	973.6323736
46.00513028	858.2736043
46.03113028	817.4552672
46.05713028	849.8267759
46.08313028	866.7439807
46.10913028	887.1247156
46.13513028	964.5646033
46.16113028	953.6804819
46.18713028	867.766947
46.21313028	924.4085964
46.23913028	908.0341673
46.26513028	934.307351
46.29113028	854.2016469
46.31713028	873.5330858
46.34313028	863.659172
46.36913028	766.9479411
46.39513028	877.9035794
46.42113028	935.0312997
46.44713028	953.1593383
46.47313028	819.6898953
46.49913028	844.3532915
46.52513028	844.1418551
46.55113028	861.2836785
46.57713028	821.3664231
46.60313028	922.5103446
46.62913028	772.6038367
46.65513028	846.6648387
46.68113028	923.157503
46.70713028	873.7556079
46.73313028	781.1220943
46.75913028	823.9204503
46.78513028	851.0253944
46.81113028	800.9336446
46.83713028	857.0103803
46.86313028	888.4418802
46.88913028	827.1448914
46.91513028	831.1740253
46.94113028	812.6095531
46.96713028	840.4475003
46.99313028	829.3637057
47.01913028	811.0029175
47.04513028	854.0991002
47.07113028	840.4474798
47.09713028	845.2033049
47.12313028	830.5780991
47.14913028	898.7649882
47.17513028	856.3032806
47.20113028	827.5178707
47.22713028	790.4842183
47.25313028	794.4526343
47.27913028	821.1430094
47.30513028	853.9753485
47.33113028	872.0212662
47.35713028	851.8423566
47.38313028	833.1836907
47.40913028	802.5713497
47.43513028	850.7405291
47.46113028	824.5670878
47.48713028	822.3112697
47.51313028	824.6859728
47.53913028	831.8310944
47.56513028	857.0246733
47.59113028	857.6074977
47.61713028	848.6898154
47.64313028	861.5502775
47.66913028	849.1108042
47.69513028	848.7295876
47.72113028	855.5369563
47.74713028	831.6230419
47.77313028	802.7859964
47.79913028	823.3326184
47.82513028	850.4152633
47.85113028	842.0242365
47.87713028	820.5374742
47.90313028	795.0751094
47.92913028	833.7118733
47.95513028	853.5984918
47.98113028	828.1132555
48.00713028	810.708636
48.03313028	788.9046995
48.05913028	817.9339228
48.08513028	806.5974279
48.11113028	807.6598762
48.13713028	830.4381608
48.16313028	802.9144454
48.18913028	806.2247495
48.21513028	872.1259828
48.24113028	883.6498375
48.26713028	811.1496245
48.29313028	798.6449522
48.31913028	800.7068468
48.34513028	813.141395
48.37113028	791.5220693
48.39713028	791.0261072
48.42313028	794.4258065
48.44913028	808.738925
48.47513028	786.4832706
48.50113028	804.2346528
48.52713028	806.7282122
48.55313028	822.8715016
48.57913028	802.0351704
48.60513028	779.7383343
48.63113028	747.939696
48.65713028	732.5088731
48.68313028	769.2709559
48.70913028	789.2114
48.73513028	754.3470045
48.76113028	766.471962
48.78713028	826.095561
48.81313028	788.7235918
48.83913028	759.4713301
48.86513028	758.4111319
48.89113028	793.723291
48.91713028	735.541757
48.94313028	774.7068409
48.96913028	744.8153258
48.99513028	787.4396844
49.02113028	842.7150037
49.04713028	770.7784294
49.07313028	703.6066745
49.09913028	784.0230199
49.12513028	749.2379879
49.15113028	772.9214026
49.17713028	766.9319833
49.20313028	779.669188
49.22913028	825.8028914
49.25513028	791.3949802
49.28113028	789.9697956
49.30713028	739.260188
49.33313028	810.9798591
49.35913028	715.0174825
49.38513028	790.7463254
49.41113028	780.2594616
49.43713028	800.1853069
49.46313028	824.1450528
49.48913028	852.9482851
49.51513028	890.5368439
49.54113028	763.8509303
49.56713028	800.12375
49.59313028	779.6726708
49.61913028	761.1563218
49.64513028	787.589722
49.67113028	775.2468767
49.69713028	755.5989935
49.72313028	766.3821165
49.74913028	756.696977
49.77513028	743.9837974
49.80113028	711.089304
49.82713028	707.0601401
49.85313028	793.2989661
49.87913028	776.9969482
49.90513028	807.4435396
49.93113028	819.8101253
49.95713028	802.7185327
49.98313028	767.9116495
50.00913028	781.7121779
50.03513028	773.6433635
50.06113028	867.3394976
50.08713028	820.9725805
50.11313028	792.3310059
50.13913028	827.5908516
50.16513028	858.6754928
50.19113028	814.688283
50.21713028	789.9829934
50.24313028	755.4132759
50.26913028	771.6272558
50.29513028	811.380478
50.32113028	784.8735847
50.34713028	778.9965917
50.37313028	822.524952
50.39913028	812.0858473
50.42513028	794.0767226
50.45113028	794.7198874
50.47713028	782.4593068
50.50313028	806.8733823
50.52913028	825.5099657
50.55513028	773.5346761
50.58113028	725.8291509
50.60713028	717.7815123
50.63313028	750.4302824
50.65913028	759.4578253
50.68513028	761.4344445
50.71113028	827.2454054
50.73713028	765.1339714
50.76313028	721.0280587
50.78913028	758.5273147
50.81513028	783.0823854
50.84113028	794.7484114
50.86713028	756.7423132
50.89313028	793.2697375
50.91913028	797.4436726
50.94513028	796.8963667
50.97113028	739.4131441
50.99713028	743.2043354
51.02313028	777.885892
51.04913028	794.9240164
51.07513028	791.2497925
51.10113028	758.3892467
51.12713028	752.8754528
51.15313028	767.4302713
51.17913028	774.8782704
51.20513028	766.4972357
51.23113028	765.3544298
51.25713028	820.7895077
51.28313028	743.843249
51.30913028	786.1031511
51.33513028	797.3193381
51.36113028	798.7205716
51.38713028	719.1859806
51.41313028	767.1685223
51.43913028	791.4909236
51.46513028	846.3383502
51.49113028	766.2417114
51.51713028	789.5773223
51.54313028	818.4537415
51.56913028	747.2526401
51.59513028	760.4867336
51.62113028	801.1600622
51.64713028	768.9717606
51.67313028	769.7419231
51.69913028	724.1127743
51.72513028	711.5816697
51.75113028	769.3631786
51.77713028	781.4475571
51.80313028	786.4400158
51.82913028	725.4608777
51.85513028	752.6683153
51.88113028	702.3035167
51.90713028	669.2771486
51.93313028	742.8024952
51.95913028	783.6457402
51.98513028	752.2624695
52.01113028	719.6324218
52.03713028	816.3552971
52.06313028	754.8106549
52.08913028	746.4279844
52.11513028	709.8984469
52.14113028	710.8449182
52.16713028	742.2669234
52.19313028	748.4665431
52.21913028	813.0591455
52.24513028	735.8627113
52.27113028	793.5770682
52.29713028	746.1855185
52.32313028	770.9704803
52.34913028	758.0089974
52.37513028	801.8416689
52.40113028	789.4428307
52.42713028	798.9444576
52.45313028	786.7212007
52.47913028	787.1867517
52.50513028	781.3202443
52.53113028	733.1532076
52.55713028	683.8001563
52.58313028	698.080834
52.60913028	722.8633959
52.63513028	772.2585429
52.66113028	772.0172114
52.68713028	722.9868784
52.71313028	716.6993935
52.73913028	716.9617323
52.76513028	730.7409636
52.79113028	730.9348874
52.81713028	752.7508413
52.84313028	726.5795179
52.86913028	767.5615648
52.89513028	782.6206254
52.92113028	742.4266228
52.94713028	757.8150079
52.97313028	773.2698375
52.99913028	761.4695905
53.02513028	760.16908
53.05113028	748.273427
53.07713028	746.2782434
53.10313028	776.5761567
53.12913028	752.838066
53.15513028	721.63126
53.18113028	725.726704
53.20713028	739.7455172
53.23313028	743.6953347
53.25913028	748.9706727
53.28513028	742.7520243
53.31113028	697.5438309
53.33713028	731.686919
53.36313028	711.0770593
53.38913028	685.02721
53.41513028	712.6234016
53.44113028	709.6577786
53.46713028	732.4796386
53.49313028	720.3847387
53.51913028	718.384808
53.54513028	741.681399
53.57113028	752.960737
53.59713028	731.3709876
53.62313028	688.036108
53.64913028	699.9664478
53.67513028	702.6589202
53.70113028	752.1948042
53.72713028	744.3723664
53.75313028	735.5586196
53.77913028	716.5529413
53.80513028	663.833021
53.83113028	721.0584891
53.85713028	688.8778789
53.88313028	713.5541853
53.90913028	705.9968236
53.93513028	782.5879653
53.96113028	767.4560551
53.98713028	625.1246236
54.01313028	695.5416113
54.03913028	704.3682567
54.06513028	760.1593088
54.09113028	720.4409707
54.11713028	713.0812636
54.14313028	682.3303507
54.16913028	690.3830143
54.19513028	745.912563
54.22113028	662.1779782
54.24713028	705.0040812
54.27313028	729.122191
54.29913028	755.4548578
54.32513028	667.7938954
54.35113028	709.290509
54.37713028	717.2865321
54.40313028	711.7254794
54.42913028	687.5299322
54.45513028	656.5581748
54.48113028	770.199072
54.50713028	719.3348173
54.53313028	720.488026
54.55913028	700.7812628
54.58513028	688.1088724
54.61113028	726.8669282
54.63713028	693.44755
54.66313028	680.5364129
54.68913028	696.2195903
54.71513028	745.0250103
54.74113028	714.4678913
54.76713028	721.1183887
54.79313028	696.1803776
54.81913028	691.4911906
54.84513028	731.32557
54.87113028	659.4809549
54.89713028	688.8666951
54.92313028	665.6883357
54.94913028	638.4474238
54.97513028	633.3458949
55.00113028	695.4949294
55.02713028	676.2596426
55.05313028	711.4679004
55.07913028	709.3870944
55.10513028	734.9700356
55.13113028	696.1372529
55.15713028	693.2768169
55.18313028	701.6052081
55.20913028	680.893957
55.23513028	699.5028851
55.26113028	723.3095011
55.28713028	738.7772415
55.31313028	743.5118888
55.33913028	691.407299
55.36513028	693.5196209
55.39113028	688.9927697
55.41713028	698.1865844
55.44313028	670.1097378
55.46913028	692.126696
55.49513028	697.3901396
55.52113028	728.3876577
55.54713028	747.9152185
55.57313028	726.7179346
55.59913028	721.5752324
55.62513028	721.871776
55.65113028	709.1473544
55.67713028	724.006298
55.70313028	745.4294158
55.72913028	728.2682553
55.75513028	745.0556572
55.78113028	748.9366492
55.80713028	718.0405943
55.83313028	694.5834188
55.85913028	694.2308747
55.88513028	714.751296
55.91113028	701.8794522
55.93713028	728.5410447
55.96313028	747.0349033
55.98913028	721.7859658
56.01513028	716.917068
56.04113028	752.1381908
56.06713028	750.5346489
56.09313028	669.9984015
56.11913028	635.9971299
56.14513028	679.2427275
56.17113028	711.9071671
56.19713028	673.6296518
56.22313028	680.6458868
56.24913028	735.0596782
56.27513028	676.647266
56.30113028	701.6262933
56.32713028	648.1703847
56.35313028	676.4770551
56.37913028	723.5630731
56.40513028	732.7864008
56.43113028	676.6632041
56.45713028	666.2194742
56.48313028	762.1826825
56.50913028	735.7659963
56.53513028	661.2700378
56.56113028	659.0809125
56.58713028	700.7778087
56.61313028	710.9503004
56.63913028	708.3050214
56.66513028	740.2050982
56.69113028	688.4937104
56.71713028	683.2829546
56.74313028	671.8547297
56.76913028	764.6304413
56.79513028	658.308238
56.82113028	693.7449085
56.84713028	679.0179655
56.87313028	746.5802463
56.89913028	744.1260267
56.92513028	628.6635223
56.95113028	706.8803376
56.97713028	647.0710336
57.00313028	628.3179719
57.02913028	686.7109524
57.05513028	706.0258955
57.08113028	619.7838411
57.10713028	738.6788327
57.13313028	714.478841
57.15913028	730.4934599
57.18513028	651.6663419
57.21113028	714.4759962
57.23713028	677.7957502
57.26313028	741.9062823
57.28913028	666.0366259
57.31513028	693.9735621
57.34113028	690.7123179
57.36713028	657.8657675
57.39313028	599.0380688
57.41913028	718.1978275
57.44513028	718.6592219
57.47113028	665.2594851
57.49713028	652.5886932
57.52313028	679.8049852
57.54913028	671.3418239
57.57513028	671.4795187
57.60113028	688.9175972
57.62713028	660.1852965
57.65313028	664.1793287
57.67913028	642.1585028
57.70513028	579.9108926
57.73113028	648.0202972
57.75713028	690.5557463
57.78313028	683.0415558
57.80913028	704.6433965
57.83513028	722.1558425
57.86113028	696.8479299
57.88713028	680.5136139
57.91313028	691.5854838
57.93913028	676.5224117
57.96513028	644.044877
57.99113028	620.9165201
58.01713028	636.6037705
58.04313028	618.5728058
58.06913028	701.6384412
58.09513028	693.8905426
58.12113028	650.6698519
58.14713028	636.3475967
58.17313028	650.0120402
58.19913028	645.4414416
58.22513028	611.8194462
58.25113028	608.4348366
58.27713028	597.8199774
58.30313028	622.5528019
58.32913028	655.5769507
58.35513028	700.4786528
58.38113028	706.2138989
58.40713028	638.8565208
58.43313028	624.7743711
58.45913028	651.2995819
58.48513028	636.8032694
58.51113028	630.5075294
58.53713028	666.062088
58.56313028	634.7480935
58.58913028	644.3512608
58.61513028	680.2956193
58.64113028	643.1609845
58.66713028	630.2651551
58.69313028	625.829309
58.71913028	625.8609208
58.74513028	615.6852752
58.77113028	600.2341875
58.79713028	616.9571709
58.82313028	612.2106841
58.84913028	643.5559874
58.87513028	661.0036794
58.90113028	593.0960414
58.92713028	635.5895054
58.95313028	681.4839629
58.97913028	670.0542249
59.00513028	650.3931505
59.03113028	630.0688864
59.05713028	600.26057
59.08313028	578.0342349
59.10913028	553.9753166
59.13513028	576.7629429
59.16113028	579.9398527
59.18713028	608.0809426
59.21313028	693.1866189
59.23913028	673.3505513
59.26513028	626.0470693
59.29113028	628.4942296
59.31713028	649.0952919
59.34313028	618.9245732
59.36913028	581.0901767
59.39513028	575.4891358
59.42113028	619.0420992
59.44713028	646.4584146
59.47313028	541.4980082
59.49913028	620.7829348
59.52513028	620.1331488
59.55113028	611.7917725
59.57713028	632.4168713
59.60313028	619.67895
59.62913028	609.864968
59.65513028	587.8548576
59.68113028	648.7661052
59.70713028	614.7724311
59.73313028	657.0019731
59.75913028	528.5521876
59.78513028	610.6730089
59.81113028	614.7709117
59.83713028	585.0552986
59.86313028	689.0952903
59.88913028	681.8527533
59.91513028	620.224996
59.94113028	610.7435177
59.96713028	565.6033171
59.99313028	585.6454975
60.01913028	578.3244652
60.04513028	593.7636194
60.07113028	582.0097198
60.09713028	571.2019818
60.12313028	564.2249725
60.14913028	570.5711332
60.17513028	569.5777789
60.20113028	601.1671903
60.22713028	638.8973606
60.25313028	638.2809803
60.27913028	633.1512606
60.30513028	576.5581396
60.33113028	583.895693
60.35713028	623.5646979
60.38313028	616.396044
60.40913028	641.7064512
60.43513028	584.9154981
60.46113028	563.1782005
60.48713028	607.0114254
60.51313028	612.8399871
60.53913028	580.5167277
60.56513028	597.822289
60.59113028	642.0511173
60.61713028	597.8255618
60.64313028	604.4033134
60.66913028	604.7319723
60.69513028	582.8891691
60.72113028	578.35679
60.74713028	609.1551388
60.77313028	595.006305
60.79913028	613.2656716
60.82513028	614.6325335
60.85113028	575.3909972
60.87713028	569.5752356
60.90313028	563.8704118
60.92913028	559.6262619
60.95513028	570.2118402
60.98113028	572.2733063
61.00713028	614.1977949
61.03313028	643.3564505
61.05913028	605.350886
61.08513028	581.762108
61.11113028	576.5691248
61.13713028	560.1114248
61.16313028	579.9322648
61.18913028	594.0810153
61.21513028	540.1443679
61.24113028	545.1388554
61.26713028	560.22768
61.29313028	584.5006316
61.31913028	580.3546591
61.34513028	592.6890421
61.37113028	630.2221917
61.39713028	600.6708605
61.42313028	562.6458736
61.44913028	558.2830092
61.47513028	571.8287666
61.50113028	619.52963
61.52713028	647.7826379
61.55313028	609.6086255
61.57913028	573.7847161
61.60513028	542.6834816
61.63113028	538.74326
61.65713028	532.2773682
61.68313028	538.2801476
61.70913028	546.9777794
61.73513028	568.2966804
61.76113028	559.0136633
61.78713028	602.9309924
61.81313028	557.406236
61.83913028	600.9304333
61.86513028	625.1367914
61.89113028	611.9061415
61.91713028	662.5217957
61.94313028	528.5377701
61.96913028	552.8220598
61.99513028	561.907991
62.02113028	534.3288323
62.04713028	593.6148652
62.07313028	584.8124331
62.09913028	609.7582253
62.12513028	553.2003773
62.15113028	583.5169264
62.17713028	560.8778775
62.20313028	546.7854457
62.22913028	617.8496537
62.25513028	557.8179178
62.28113028	553.0884115
62.30713028	605.6590665
62.33313028	585.0616997
62.35913028	575.5608338
62.38513028	592.608143
62.41113028	600.3360463
62.43713028	594.7678488
62.46313028	546.0977635
62.48913028	552.1040769
62.51513028	616.3642239
62.54113028	604.5806923
62.56713028	525.335944
62.59313028	561.1573255
62.61913028	530.0912239
62.64513028	605.3626884
62.67113028	567.8624318
62.69713028	594.4670636
62.72313028	593.5023818
62.74913028	589.2639237
62.77513028	543.0771478
62.80113028	549.303046
62.82713028	565.2659756
62.85313028	582.3809272
62.87913028	566.297482
62.90513028	575.1898084
62.93113028	583.0530949
62.95713028	539.1652427
62.98313028	553.2289378
63.00913028	582.4404133
63.03513028	579.6761247
63.06113028	582.970883
63.08713028	614.0562158
63.11313028	590.3535431
63.13913028	598.7315643
63.16513028	600.8473486
63.19113028	602.4283653
63.21713028	556.482212
63.24313028	543.259695
63.26913028	578.4733216
63.29513028	601.1226112
63.32113028	572.3694792
63.34713028	549.8323436
63.37313028	495.6406509
63.39913028	477.9858963
63.42513028	545.5273956
63.45113028	585.0460539
63.47713028	558.102528
63.50313028	547.2242474
63.52913028	531.7016265
63.55513028	544.0837228
63.58113028	543.4002556
63.60713028	537.9066293
63.63313028	580.9139568
63.65913028	578.3984256
63.68513028	559.252505
63.71113028	572.7391208
63.73713028	595.8721157
63.76313028	593.370818
63.78913028	539.7741397
63.81513028	514.9288455
63.84113028	555.5990433
63.86713028	578.0724953
63.89313028	605.9609078
63.91913028	611.9931951
63.94513028	613.4742781
63.97113028	593.3997862
63.99713028	561.5287561
64.02313028	578.7986709
64.04913028	590.8447366
64.07513028	569.410536
64.10113028	585.3909653
64.12713028	540.1044873
64.15313028	548.9775944
64.17913028	569.3377362
64.20513028	584.9542872
64.23113028	584.2645421
64.25713028	570.8699009
64.28313028	556.3593298
64.30913028	565.4149857
64.33513028	571.0722196
64.36113028	571.2316432
64.38713028	557.7871545
64.41313028	567.6223658
64.43913028	555.7584943
64.46513028	569.258082
64.49113028	595.496625
64.51713028	566.4888413
64.54313028	568.5402923
64.56913028	542.6838256
64.59513028	542.5826497
64.62113028	551.5368894
64.64713028	543.2492627
64.67313028	563.2179724
64.69913028	535.5431178
64.72513028	515.3436673
64.75113028	557.612282
64.77713028	552.8718147
64.80313028	492.2107933
64.82913028	557.1399419
64.85513028	557.6060921
64.88113028	515.9489022
64.90713028	562.2852814
64.93313028	585.3823663
64.95913028	568.2273718
64.98513028	630.135735
65.01113028	609.4705646
65.03713028	524.8640212
65.06313028	563.9914747
65.08913028	566.8344015
65.11513028	574.7016232
65.14113028	527.3411946
65.16713028	534.1700186
65.19313028	493.7199601
65.21913028	579.5648097
65.24513028	534.7894777
65.27113028	554.8444256
65.29713028	537.0641685
65.32313028	542.7084133
65.34913028	531.0818289
65.37513028	494.6831685
65.40113028	526.0851504
65.42713028	572.3692109
65.45313028	565.4086613
65.47913028	558.6450733
65.50513028	561.1693236
65.53113028	553.1274576
65.55713028	594.883463
65.58313028	524.5415567
65.60913028	497.668356
65.63513028	537.4096302
65.66113028	578.0743085
65.68713028	563.9763169
65.71313028	548.3194369
65.73913028	545.8795893
65.76513028	576.8309095
65.79113028	583.2953921
65.81713028	568.2802159
65.84313028	548.5754104
65.86913028	529.6029586
65.89513028	536.4964538
65.92113028	553.391989
65.94713028	537.0700194
65.97313028	514.7512417
65.99913028	534.4810194
66.02513028	546.6733656
66.05113028	530.7802423
66.07713028	522.5204205
66.10313028	527.6815117
66.12913028	548.201154
66.15513028	569.0692811
66.18113028	578.0870253
66.20713028	541.5963951
66.23313028	533.8040864
66.25913028	546.4390516
66.28513028	528.677027
66.31113028	528.3975969
66.33713028	522.1399517
66.36313028	523.7168569
66.38913028	557.2344299
66.41513028	576.3968424
66.44113028	541.4281676
66.46713028	546.9983556
66.49313028	552.2022285
66.51913028	523.085075
66.54513028	524.3620151
66.57113028	548.6750492
66.59713028	575.6069239
66.62313028	543.2432583
66.64913028	506.7462196
66.67513028	557.5613575
66.70113028	544.1148393
66.72713028	558.1575913
66.75313028	539.0538052
66.77913028	528.8113395
66.80513028	553.5825643
66.83113028	528.1463346
66.85713028	569.1411742
66.88313028	541.3309572
66.90913028	544.7743728
66.93513028	609.214978
66.96113028	558.1711527
66.98713028	527.8189578
67.01313028	590.56396
67.03913028	553.7978493
67.06513028	543.121507
67.09113028	603.2138711
67.11713028	564.2859694
67.14313028	507.4504522
67.16913028	513.8178573
67.19513028	589.3639055
67.22113028	500.4908079
67.24713028	587.3344591
67.27313028	522.2524702
67.29913028	511.9422056
67.32513028	526.9485262
67.35113028	527.0696897
67.37713028	603.268583
67.40313028	545.4297047
67.42913028	520.5052559
67.45513028	582.7053246
67.48113028	508.8770922
67.50713028	573.0405149
67.53313028	593.8994309
67.55913028	567.2429897
67.58513028	544.5484826
67.61113028	530.137942
67.63713028	509.1737273
67.66313028	530.8339626
67.68913028	492.2103984
67.71513028	511.6124755
67.74113028	519.6877617
67.76713028	504.7279615
67.79313028	519.4409527
67.81913028	543.706091
67.84513028	525.3572794
67.87113028	536.9058929
67.89713028	513.5875898
67.92313028	530.6826152
67.94913028	543.8286994
67.97513028	559.4738455
68.00113028	542.6299867
68.02713028	534.6608181
68.05313028	575.2149965
68.07913028	576.7015724
68.10513028	534.7234191
68.13113028	548.1218666
68.15713028	551.1880361
68.18313028	520.2040483
68.20913028	477.9613968
68.23513028	499.1192802
68.26113028	511.0241664
68.28713028	530.8784812
68.31313028	548.6943175
68.33913028	556.6087795
68.36513028	550.5634039
68.39113028	522.4105383
68.41713028	576.5831885
68.44313028	540.8984024
68.46913028	563.6188246
68.49513028	555.5986013
68.52113028	535.6589875
68.54713028	539.5334196
68.57313028	518.959782
68.59913028	559.9404644
68.62513028	551.3048638
68.65113028	524.1629728
68.67713028	570.8059432
68.70313028	591.7327411
68.72913028	547.4640719
68.75513028	543.5749474
68.78113028	543.9002472
68.80713028	515.132307
68.83313028	540.8814218
68.85913028	585.0891035
68.88513028	570.1938352
68.91113028	537.1740735
68.93713028	546.5629865
68.96313028	560.5335877
68.98913028	541.8233801
69.01513028	520.565317
69.04113028	508.4573725
69.06713028	519.0278293
69.09313028	548.281626
69.11913028	546.361131
69.14513028	545.442322
69.17113028	528.0860929
69.19713028	540.8590874
69.22313028	579.4774284
69.24913028	562.4761855
69.27513028	547.6336858
69.30113028	520.8302676
69.32713028	515.6307815
69.35313028	544.3890577
69.37913028	541.7119212
69.40513028	556.3252145
69.43113028	530.5331953
69.45713028	533.0454107
69.48313028	538.8414323
69.50913028	529.9668159
69.53513028	552.4091014
69.56113028	493.2717616
69.58713028	503.7501988
69.61313028	524.8406426
69.63913028	533.6620888
69.66513028	536.2317888
69.69113028	507.8625091
69.71713028	532.5116915
69.74313028	543.6694965
69.76913028	515.2607799
69.79513028	508.1043363
69.82113028	510.3880967
69.84713028	475.8731714
69.87313028	534.2992821
69.89913028	501.9136528
69.92513028	501.0741791
69.95113028	510.8307169
69.97713028	553.913601
70.00313028	513.3714796
70.02913028	485.1575353
70.05513028	555.5681391
70.08113028	582.1147577
70.10713028	535.3376403
70.13313028	556.9609599
70.15913028	597.5028658
70.18513028	557.1142708
70.21113028	577.6204682
70.23713028	460.4913468
70.26313028	548.7100045
70.28913028	556.8717228
70.31513028	517.2908715
70.34113028	508.0145484
70.36713028	552.1888636
70.39313028	557.619994
70.41913028	558.7937369
70.44513028	512.8459058
70.47113028	510.2646044
70.49713028	512.9756176
70.52313028	543.5087916
70.54913028	487.4046889
70.57513028	543.2060211
70.60113028	545.0723084
70.62713028	545.8437726
70.65313028	560.6868944
70.67913028	568.2920721
70.70513028	532.8685799
70.73113028	501.6482425
70.75713028	495.3728768
70.78313028	471.5742028
70.80913028	506.3648972
70.83513028	503.7273295
70.86113028	528.0385493
70.88713028	550.1207329
70.91313028	505.2888326
70.93913028	506.5001528
70.96513028	538.1819811
70.99113028	539.9757388
71.01713028	524.1004332
71.04313028	527.8413875
71.06913028	532.7984827
71.09513028	526.5905788
71.12113028	537.4086136
71.14713028	524.9539387
71.17313028	545.4971466
71.19913028	517.8650793
71.22513028	492.3675483
71.25113028	505.6046679
71.27713028	505.0291473
71.30313028	504.7073611
71.32913028	490.3873432
71.35513028	492.9773496
71.38113028	507.8171854
71.40713028	523.7283231
71.43313028	554.1334411
71.45913028	538.530492
71.48513028	540.0558249
71.51113028	566.7111226
71.53713028	548.6253998
71.56313028	517.3352804
71.58913028	511.7694374
71.61513028	547.0459865
71.64113028	550.6640622
71.66713028	522.5072496
71.69313028	509.1967512
71.71913028	535.7766947
71.74513028	542.1498749
71.77113028	496.9963214
71.79713028	513.123644
71.82313028	530.6518151
71.84913028	503.916994
71.87513028	513.2366117
71.90113028	509.5075844
71.92713028	524.682643
71.95313028	539.8021195
71.97913028	521.3644139
72.00513028	504.76563
72.03113028	527.7369583
72.05713028	499.779511
72.08313028	537.3159826
72.10913028	566.9557803
72.13513028	580.0471443
72.16113028	548.3174878
72.18713028	479.1373808
72.21313028	452.0062146
72.23913028	534.4067907
72.26513028	507.9571157
72.29113028	537.974953
72.31713028	542.869367
72.34313028	537.0354234
72.36913028	490.2026917
72.39513028	489.3189208
72.42113028	482.6666089
72.44713028	552.3390694
72.47313028	484.4733986
72.49913028	479.771786
72.52513028	570.4104437
72.55113028	517.3282755
72.57713028	496.4592406
72.60313028	529.777493
72.62913028	531.7447574
72.65513028	551.8115841
72.68113028	639.2426102
72.70713028	586.2615903
72.73313028	527.8063798
72.75913028	549.8914977
72.78513028	491.8692614
72.81113028	570.7077779
72.83713028	538.4990244
72.86313028	562.8742973
72.88913028	522.0564271
72.91513028	493.5593647
72.94113028	547.3822254
72.96713028	459.6315262
72.99313028	473.4956202
73.01913028	471.8605847
73.04513028	474.8717102
73.07113028	524.2048497
73.09713028	546.7421278
73.12313028	504.4400351
73.14913028	518.6196062
73.17513028	512.1360617
73.20113028	524.4165384
73.22713028	504.2977699
73.25313028	511.0427067
73.27913028	481.7939891
73.30513028	513.6307294
73.33113028	520.7454734
73.35713028	507.4878923
73.38313028	540.9944312
73.40913028	510.6503879
73.43513028	527.2289764
73.46113028	523.042742
73.48713028	498.5568622
73.51313028	509.9285131
73.53913028	518.0833067
73.56513028	520.292019
73.59113028	493.0544628
73.61713028	503.0555619
73.64313028	538.4924118
73.66913028	505.1356293
73.69513028	518.9766483
73.72113028	544.852485
73.74713028	536.9123537
73.77313028	487.5930555
73.79913028	474.1107424
73.82513028	488.2489633
73.85113028	487.9898912
73.87713028	531.8395663
73.90313028	548.4713867
73.92913028	555.7063027
73.95513028	557.4556524
73.98113028	553.1829106
74.00713028	569.9455295
74.03313028	531.2716192
74.05913028	529.6892675
74.08513028	529.4677653
74.11113028	493.4049454
74.13713028	524.9001327
74.16313028	529.5627419
74.18913028	498.3196697
74.21513028	495.720311
74.24113028	513.8811701
74.26713028	541.0455379
74.29313028	554.2341966
74.31913028	549.1340451
74.34513028	556.4661843
74.37113028	536.847992
74.39713028	490.0786681
74.42313028	510.8635297
74.44913028	504.8258339
74.47513028	509.0061469
74.50113028	559.8896894
74.52713028	556.3036441
74.55313028	502.415334
74.57913028	528.0281909
74.60513028	519.6133563
74.63113028	511.9785222
74.65713028	525.4342134
74.68313028	492.4230775
74.70913028	512.6985616
74.73513028	525.395579
74.76113028	532.0973493
74.78713028	500.8279909
74.81313028	527.8039036
74.83913028	529.2227839
74.86513028	476.9087456
74.89113028	519.177411
74.91713028	512.0627675
74.94313028	561.4105659
74.96913028	529.4961295
74.99513028	518.046513
75.02113028	524.9525316
75.04713028	477.9869771
75.07313028	556.9862675
75.09913028	520.5598214
75.12513028	486.2116079
75.15113028	501.7632351
75.17713028	521.3073411
75.20313028	544.4155886
75.22913028	533.1670496
75.25513028	471.4431318
75.28113028	482.1914935
75.30713028	567.4621777
75.33313028	522.7959407
75.35913028	550.8244031
75.38513028	454.9705067
75.41113028	518.5096462
75.43713028	517.776147
75.46313028	486.3873162
75.48913028	519.8550349
75.51513028	587.1525307
75.54113028	521.5527983
75.56713028	475.1332295
75.59313028	573.5679692
75.61913028	516.7323301
75.64513028	493.9200835
75.67113028	519.2759203
75.69713028	513.61608
75.72313028	585.9642429
75.74913028	516.1941504
75.77513028	518.2287611
75.80113028	564.9627128
75.82713028	523.1348011
75.85313028	528.5494626
75.87913028	516.2605663
75.90513028	520.6793665
75.93113028	487.1171698
75.95713028	524.5991346
75.98313028	559.3394337
76.00913028	489.653578
76.03513028	522.371957
76.06113028	540.0473312
76.08713028	535.8195384
76.11313028	514.925519
76.13913028	550.9436443
76.16513028	512.0068777
76.19113028	511.7019983
76.21713028	523.9225978
76.24313028	529.7286722
76.26913028	521.9520191
76.29513028	519.9535663
76.32113028	529.7670578
76.34713028	536.5946641
76.37313028	530.7080531
76.39913028	517.6408556
76.42513028	516.6648509
76.45113028	524.0807402
76.47713028	521.850057
76.50313028	544.2214854
76.52913028	562.919908
76.55513028	554.4662664
76.58113028	523.1973226
76.60713028	506.1973725
76.63313028	518.9202253
76.65913028	537.6858771
76.68513028	542.948974
76.71113028	536.9698851
76.73713028	524.031604
76.76313028	519.8287806
76.78913028	520.2175186
76.81513028	510.4343748
76.84113028	511.5437207
76.86713028	517.5992402
76.89313028	521.4071134
76.91913028	492.2399135
76.94513028	461.2967488
76.97113028	472.6901258
76.99713028	514.5349436
77.02313028	569.1166246
77.04913028	540.1288292
77.07513028	491.3865685
77.10113028	516.8268898
77.12713028	555.3229663
77.15313028	556.2551751
77.17913028	527.2719555
77.20513028	539.3471443
77.23113028	598.8640538
77.25713028	567.2815635
77.28313028	552.2652277
77.30913028	546.9261316
77.33513028	491.2379063
77.36113028	495.1872455
77.38713028	492.6631468
77.41313028	519.5445509
77.43913028	571.9045953
77.46513028	522.1338079
77.49113028	522.5234182
77.51713028	515.758791
77.54313028	534.9633838
77.56913028	550.5516264
77.59513028	540.6158445
77.62113028	560.3787315
77.64713028	527.231807
77.67313028	560.8388338
77.69913028	545.8283318
77.72513028	537.2267745
77.75113028	502.6942297
77.77713028	495.713435
77.80313028	496.2894189
77.82913028	495.8687032
77.85513028	585.4100455
77.88113028	517.7252125
77.90713028	492.6740385
77.93313028	528.3743714
77.95913028	515.790433
77.98513028	571.9614068
78.01113028	527.1804707
78.03713028	471.3050239
78.06313028	552.3689603
78.08913028	481.526842
78.11513028	529.2218109
78.14113028	527.7577771
78.16713028	522.7263661
78.19313028	541.9720246
78.21913028	584.6251756
78.24513028	529.2117193
78.27113028	554.4659703
78.29713028	532.3896264
78.32313028	526.8356123
78.34913028	493.8977769
78.37513028	509.1623191
78.40113028	541.9905713
78.42713028	510.5605747
78.45313028	530.2110792
78.47913028	494.8325559
78.50513028	526.9458045
78.53113028	521.6499404
78.55713028	483.3860696
78.58313028	537.0516566
78.60913028	569.126356
78.63513028	532.6869597
78.66113028	508.4842793
78.68713028	538.5981263
78.71313028	530.4993065
78.73913028	514.9132212
78.76513028	503.7052089
78.79113028	525.5081016
78.81713028	575.5513306
78.84313028	563.4236073
78.86913028	549.5245806
78.89513028	524.8317592
78.92113028	524.1111251
78.94713028	527.3066701
78.97313028	536.3033826
78.99913028	537.9661084
79.02513028	542.5496383
79.05113028	527.908999
79.07713028	542.6579171
79.10313028	548.8502937
79.12913028	552.0560876
79.15513028	528.8883061
79.18113028	516.8184237
79.20713028	521.7720325
79.23313028	562.4300432
79.25913028	579.6909596
79.28513028	538.6673552
79.31113028	524.1305014
79.33713028	541.6344596
79.36313028	514.9254709
79.38913028	502.6555875
79.41513028	530.3351545
79.44113028	537.6980787
79.46713028	557.1609641
79.49313028	536.7977762
79.51913028	535.497704
79.54513028	533.7379018
79.57113028	518.0595112
79.59713028	537.6666318
79.62313028	503.8585138
79.64913028	540.0766617
79.67513028	521.6059413
79.70113028	467.499957
79.72713028	483.6619828
79.75313028	534.2423969
79.77913028	505.0875368
79.80513028	519.8013834
79.83113028	527.6757215
79.85713028	550.905138
79.88313028	529.5902114
79.90913028	549.3498395
79.93513028	545.5858336
79.96113028	550.1351078