2.02	7739.042692
2.05	6673.909249
2.07	6367.935166
2.1	5591.827841
2.12	6021.775605
2.15	4689.590318
2.18	5430.935652
2.2	4365.511566
2.23	5082.822713
2.25	4470.783047
2.28	4635.347832
2.31	4053.625662
2.33	4355.695211
2.36	3625.211329
2.38	3802.311727
2.41	3918.899283
2.44	3602.169799
2.46	3829.783449
2.49	3788.168968
2.51	3444.585923
2.54	3137.712545
2.57	2886.220273
2.59	3099.275693
2.62	3191.809269
2.64	2914.286587
2.67	2749.467717
2.7	2718.313488
2.72	2777.671162
2.75	2623.127661
2.77	2474.377618
2.8	2425.73724
2.83	2452.362838
2.85	2475.450901
2.88	2242.378583
2.9	2457.164053
2.93	2407.603662
2.96	2172.214937
2.98	2040.455593
3.01	2064.758847
3.03	2151.035382
3.06	2367.514066
3.09	2149.63904
3.11	2012.669203
3.14	2005.094437
3.16	1950.350956
3.19	1932.623983
3.22	1850.977681
3.24	1926.684307
3.27	2048.499055
3.29	1922.131702
3.32	1759.743514
3.35	1790.17728
3.37	1858.507503
3.4	1817.012514
3.42	1663.304924
3.45	1560.732107
3.48	1637.879041
3.5	1703.246685
3.53	1692.676703
3.55	1497.432923
3.58	1388.332355
3.61	1598.164401
3.63	1679.72528
3.66	1628.130143
3.68	1373.050713
3.71	1478.599669
3.74	1449.625871
3.76	1421.290913
3.79	1645.008818
3.81	1485.906667
3.84	1392.696505
3.87	1302.96895
3.89	1208.030094
3.92	1289.632206
3.94	1246.885794
3.97	1284.612749
4	1413.109245
4.02	1289.294108
4.05	1369.051026
4.07	1293.47458
4.1	1334.503892
4.13	1275.494626
4.15	1310.498539
4.18	1210.147099
4.2	1233.560972
4.23	1042.687122
4.26	1026.86943
4.28	883.325117
4.31	1059.050894
4.33	927.282353
4.36	963.424801
4.39	987.798434
4.41	1155.08717
4.44	1027.518085
4.46	939.914142
4.49	1088.158803
4.52	1057.989844
4.54	1197.314416
4.57	1155.330843
4.59	1022.899046
4.62	1068.625749
4.65	860.425089
4.67	939.707204
4.7	810.753804
4.72	1028.688689
4.75	869.248769
4.78	926.914689
4.8	876.88651
4.83	811.335459
4.85	1076.651718
4.88	1132.314016
4.91	1038.535643
4.93	743.823795
4.96	997.287194
4.98	1093.141212
5.01	1002.430235
5.04	931.328128
5.06	892.787568
5.09	1054.420455
5.11	1156.090404
5.14	969.46277
5.17	933.938752
5.19	933.14057
5.22	1010.575736
5.24	933.349117
5.27	921.982211
5.3	924.240122
5.32	982.237654
5.35	1012.965744
5.37	1133.527104
5.4	1233.820107
5.43	1000.539568
5.45	1002.49162
5.48	943.116615
5.5	1004.926639
5.53	1044.852582
5.56	1133.268568
5.58	986.260216
5.61	973.985299
5.63	1061.427129
5.66	1065.870092
5.69	1080.539309
5.71	994.891763
5.74	922.744179
5.76	1042.313157
5.79	989.718321
5.82	894.948236
5.84	971.138671
5.87	926.477715
5.89	900.882531
5.92	918.922272
5.95	957.939022
5.97	1102.851899
6	1085.964567
6.02	994.573437
6.05	911.297721
6.08	980.360096
6.1	1096.504594
6.13	1059.228467
6.15	1140.155906
6.18	984.02268
6.21	876.175624
6.23	1043.98574
6.26	1065.107533
6.28	943.92938
6.31	944.247275
6.34	944.222907
6.36	1014.263905
6.39	1097.413707
6.41	1077.527581
6.44	1065.129454
6.47	1052.097341
6.49	1026.989832
6.52	1099.95946
6.54	1139.951659
6.57	924.043074
6.6	920.030857
6.62	901.013392
6.65	980.694334
6.67	1049.474369
6.7	983.175839
6.73	930.093079
6.75	951.7766
6.78	917.432234
6.8	961.830368
6.83	1008.687333
6.86	1222.335158
6.88	992.226788
6.91	917.758799
6.93	1089.726053
6.96	1039.743719
6.99	989.818245
7.01	1126.7337
7.04	1064.170498
7.06	1041.556864
7.09	892.907757
7.12	964.560618
7.14	1009.515316
7.17	1050.481745
7.19	990.604864
7.22	895.015192
7.25	1040.053125
7.27	845.879658
7.3	1091.721714
7.32	978.292613
7.35	1011.422752
7.38	996.313746
7.4	1088.013279
7.43	1089.629642
7.45	1054.811642
7.48	1109.872211
7.51	1057.323097
7.53	911.314379
7.56	921.729885
7.58	1003.181326
7.61	1119.196885
7.64	986.223689
7.66	1069.04772
7.69	1183.229079
7.71	1096.500767
7.74	992.466376
7.77	997.480629
7.79	1071.912167
7.82	1026.091579
7.84	1021.313789
7.87	1012.420537
7.9	963.022357
7.92	1035.700672
7.95	974.32456
7.97	1022.03306
8	950.659434
8.03	917.774466
8.05	1078.714642
8.08	1020.922857
8.1	982.756056
8.13	985.436161
8.16	992.367301
8.18	987.558723
8.21	902.411744
8.23	874.731599
8.26	886.991875
8.29	952.591283
8.31	1024.357695
8.34	986.339592
8.36	947.404076
8.39	906.345341
8.42	892.760897
8.44	947.936986
8.47	1062.359501
8.49	1054.806165
8.52	951.866125
8.55	915.083202
8.57	996.827351
8.6	995.69275
8.62	865.028524
8.65	882.810491
8.68	958.358179
8.7	959.637148
8.73	940.406246
8.75	956.754663
8.78	1024.757989
8.81	1056.603684
8.83	983.392758
8.86	907.81267
8.88	907.341376
8.91	879.569779
8.94	953.065912
8.96	1011.609974
8.99	975.749983
9.01	877.903044
9.04	871.502401
9.07	939.971814
9.09	1022.787293
9.12	925.388596
9.14	989.480648
9.17	990.284715
9.2	1065.005006
9.22	1033.728872
9.25	983.976446
9.27	946.028374
9.3	927.946585
9.33	904.914203
9.35	930.04452
9.38	975.123681
9.4	987.131673
9.43	950.384861
9.46	956.88916
9.48	1082.344103
9.51	1021.388761
9.53	946.597815
9.56	844.00407
9.59	956.944951
9.61	858.71389
9.64	910.96103
9.66	947.791705
9.69	1020.696362
9.72	1075.567426
9.74	1071.247211
9.77	961.147057
9.79	1047.315601
9.82	926.409288
9.85	924.070234
9.87	926.81373
9.9	974.386806
9.92	932.528483
9.95	900.087964
9.98	925.900728
10	1058.102014
10	1000.636669
10.1	1091.956099
10.1	1013.526131
10.1	1008.652269
10.1	997.607511
10.2	1038.130542
10.2	966.871204
10.2	946.229431
10.2	1001.684927
10.3	1041.733951
10.3	954.456038
10.3	1105.442051
10.3	908.888754
10.4	925.255879
10.4	930.36904
10.4	910.919644
10.4	979.906732
10.5	968.380144
10.5	975.616193
10.5	971.64372
10.5	945.735473
10.6	901.416335
10.6	951.76979
10.6	1007.613454
10.7	1011.914896
10.7	1058.835449
10.7	966.856903
10.7	1001.507459
10.8	945.236107
10.8	934.556527
10.8	926.085238
10.8	915.049801
10.9	1034.463579
10.9	1028.689785
10.9	955.579314
10.9	931.672709
11	976.631453
11	1012.677558
11	1025.043945
11	1019.87078
11.1	1051.959537
11.1	1124.986112
11.1	1041.872606
11.1	939.923563
11.2	978.541117
11.2	1009.233457
11.2	1019.800407
11.2	1005.954474
11.3	973.246598
11.3	938.976122
11.3	961.368656
11.4	1010.501389
11.4	1050.138595
11.4	1110.889111
11.4	1060.571433
11.5	1016.319698
11.5	991.798013
11.5	1069.190238
11.5	1030.121067
11.6	1040.624562
11.6	1065.982585
11.6	1035.895214
11.6	1006.440685
11.7	1065.713566
11.7	1068.631669
11.7	1055.868546
11.7	1094.655848
11.8	1097.767881
11.8	1028.007102
11.8	1086.748741
11.8	1046.890291
11.9	1024.433931
11.9	983.355733
11.9	1073.5197
12	1091.76957
12	1041.432355
12	1002.89655
12	1059.148232
12.1	872.111144
12.1	940.718862
12.1	1075.922229
12.1	1070.261778
12.2	997.576743
12.2	1069.600861
12.2	909.244531
12.2	952.402688
12.3	1067.102283
12.3	1125.563111
12.3	1056.276449
12.3	1058.527057
12.4	1069.185577
12.4	1093.268285
12.4	1080.277622
12.4	1103.331871
12.5	1012.01277
12.5	1124.608644
12.5	1035.280999
12.5	993.266971
12.6	1125.748147
12.6	1073.944091
12.6	1062.034868
12.7	1011.116356
12.7	1094.300611
12.7	1007.76077
12.7	1001.626653
12.8	1091.872772
12.8	1047.29092
12.8	1059.529812
12.8	1179.145691
12.9	1083.452522
12.9	1076.848569
12.9	1112.920129
12.9	995.056948
13	1016.147759
13	1102.6158
13	1087.512765
13	1083.915652
13.1	1176.275946
13.1	1246.907851
13.1	1138.978433
13.1	1108.346898
13.2	1193.715061
13.2	1162.181768
13.2	1078.51162
13.3	1139.654023
13.3	1174.580428
13.3	1149.970373
13.3	1062.9522
13.4	1175.494087
13.4	1165.719513
13.4	1152.587368
13.4	1168.271394
13.5	1235.721119
13.5	1231.01838
13.5	1101.228731
13.5	1193.559789
13.6	1169.927197
13.6	1082.586912
13.6	1097.425494
13.6	1080.894419
13.7	1110.905943
13.7	1214.865474
13.7	1205.206257
13.7	1116.045422
13.8	1024.853188
13.8	1069.155416
13.8	1169.299834
13.8	1156.732555
13.9	1156.8737
13.9	1178.632553
13.9	1205.079937
14	1207.848156
14	1179.38877
14	1147.271868
14	1136.268935
14.1	1155.947953
14.1	1098.979263
14.1	1149.327633
14.1	1224.493957
14.2	1128.266026
14.2	1110.934911
14.2	1149.743836
14.2	1244.942501
14.3	1298.598987
14.3	1155.980787
14.3	1182.419245
14.3	1182.380402
14.4	1209.605177
14.4	1153.006172
14.4	1228.983403
14.4	1313.745503
14.5	1230.899386
14.5	1282.375488
14.5	1197.224084
14.6	1218.505964
14.6	1162.215836
14.6	1211.641537
14.6	1337.479713
14.7	1300.255629
14.7	1228.73877
14.7	1310.434674
14.7	1342.836508
14.8	1232.043889
14.8	1251.815453
14.8	1227.356006
14.8	1279.50017
14.9	1280.583764
14.9	1259.210423
14.9	1307.195449
14.9	1288.609961
15	1356.859029
15	1330.076211
15	1218.990181
15	1193.811795
15.1	1278.479383
15.1	1421.748934
15.1	1317.708833
15.1	1344.752182
15.2	1417.143815
15.2	1384.372553
15.2	1257.975491
15.3	1178.965208
15.3	1493.354743
15.3	1319.808522
15.3	1297.1103
15.4	1321.103569
15.4	1312.736551
15.4	1404.950614
15.4	1394.436327
15.5	1349.932413
15.5	1375.180202
15.5	1433.198227
15.5	1402.493984
15.6	1385.013648
15.6	1394.262196
15.6	1488.408367
15.6	1410.366497
15.7	1381.262649
15.7	1550.28329
15.7	1502.580482
15.7	1334.481108
15.8	1446.444426
15.8	1423.263044
15.8	1504.365649
15.9	1464.334469
15.9	1429.821799
15.9	1572.39663
15.9	1542.5812
16	1562.496539
16	1544.69695
16	1470.884638
16	1433.030991
16.1	1537.414649
16.1	1510.788932
16.1	1405.813945
16.1	1465.00347
16.2	1549.544287
16.2	1640.672463
16.2	1678.890394
16.2	1569.611642
16.3	1567.786478
16.3	1669.111066
16.3	1655.235506
16.3	1607.081823
16.4	1576.259519
16.4	1533.108628
16.4	1515.940955
16.4	1578.161862
16.5	1677.076854
16.5	1754.038403
16.5	1759.161737
16.6	1706.338562
16.6	1736.34308
16.6	1809.977827
16.6	1763.000296
16.7	1683.109167
16.7	1755.967299
16.7	1779.265285
16.7	1681.797621
16.8	1694.281344
16.8	1765.556923
16.8	1709.894485
16.8	1725.831297
16.9	1779.450464
16.9	1751.113211
16.9	1763.070672
16.9	1856.775784
17	1987.344671
17	1936.751698
17	1805.525839
17	1876.679561
17.1	1852.852017
17.1	1783.006063
17.1	1849.881305
17.2	1991.416318
17.2	1923.745415
17.2	1817.835851
17.2	1867.972661
17.3	1920.00593
17.3	1839.434008
17.3	1915.001862
17.3	2049.011128
17.4	1872.478579
17.4	1825.60888
17.4	2006.119872
17.4	1966.63109
17.5	1985.83993
17.5	1948.036495
17.5	2070.510398
17.5	2027.445121
17.6	2045.398508
17.6	2039.649577
17.6	1993.127763
17.6	2083.847302
17.7	1988.295593
17.7	2292.562059
17.7	2039.25135
17.7	2072.634213
17.8	2161.589464
17.8	2143.14733
17.8	2177.736711
17.9	2097.777328
17.9	2038.316717
17.9	2000.941353
17.9	2187.840512
18	2181.736376
18	2293.389477
18	2154.483278
18	2095.156653
18.1	2135.922375
18.1	2264.746091
18.1	2282.721378
18.1	2366.762439
18.2	2346.522869
18.2	2261.626481
18.2	2258.599766
18.2	2363.324164
18.3	2404.412862
18.3	2308.740454
18.3	2317.824671
18.3	2319.148496
18.4	2375.955164
18.4	2312.918641
18.4	2240.807673
18.5	2331.749648
18.5	2417.716692
18.5	2364.18324
18.5	2398.807461
18.6	2356.842315
18.6	2420.587737
18.6	2421.505557
18.6	2454.334146
18.7	2464.675919
18.7	2480.287031
18.7	2544.644518
18.7	2518.759662
18.8	2430
18.8	2420
18.8	2370
18.8	2410
18.9	2450
18.9	2460
18.9	2400
18.9	2440
19	2380
19	2360
19	2460
19	2430
19.1	2420
19.1	2500
19.1	2580
19.2	2540
19.2	2460
19.2	2430
19.2	2420
19.3	2350
19.3	2340
19.3	2430
19.3	2470
19.4	2500
19.4	2530
19.4	2550
19.4	2550
19.5	2660
19.5	2600
19.5	2510
19.5	2540
19.6	2550
19.6	2600
19.6	2620
19.6	2550
19.7	2680
19.7	2720
19.7	2740
19.8	2710
19.8	2790
19.8	2780
19.8	2750
19.9	2740
19.9	2920
19.9	2810
19.9	2840
20	2930
20	2900
20	3020
20	3030
20.1	3180
20.1	3260
20.1	3180
20.1	3190
20.2	3190
20.2	3320
20.2	3580
20.2	3550
20.3	3540
20.3	3480
20.3	3560
20.3	3610
20.4	3500
20.4	3710
20.4	3630
20.5	3670
20.5	3740
20.5	3850
20.5	3690
20.6	3780
20.6	3820
20.6	3800
20.6	3740
20.7	3830
20.7	3780
20.7	3650
20.7	3610
20.8	3640
20.8	3710
20.8	3700
20.8	3730
20.9	3710
20.9	3550
20.9	3490
20.9	3450
21	3430
21	3520
21	3350
21.1	3410
21.1	3280
21.1	3170
21.1	3150
21.2	3170
21.2	3260
21.2	3270
21.2	3090
21.3	2950
21.3	2910
21.3	3000
21.3	3010
21.4	2790
21.4	2740
21.4	2710
21.4	2680
21.5	2590
21.5	2450
21.5	2470
21.5	2430
21.6	2430
21.6	2400
21.6	2300
21.6	2310
21.7	2220
21.7	2180
21.7	2240
21.8	2250
21.8	2180
21.8	2070
21.8	2030
21.9	2010
21.9	2140
21.9	2210
21.9	1960
22	1900
22	1980
22	1950
22	1970
22.1	1850
22.1	1900
22.1	1790
22.1	1850
22.2	1830
22.2	1840
22.2	1850
22.2	1680
22.3	1750
22.3	1730
22.3	1650
22.4	1660
22.4	1720
22.4	1590
22.4	1640
22.5	1630
22.5	1620
22.5	1700
22.5	1590
22.6	1560
22.6	1520
22.6	1430
22.6	1570
22.7	1460
22.7	1440
22.7	1510
22.7	1490
22.8	1600
22.8	1540
22.8	1430
22.8	1540
22.9	1460
22.9	1510
22.9	1510
22.9	1400
23	1440
23	1340
23	1450
23.1	1380
23.1	1300
23.1	1390
23.1	1300
23.2	1320
23.2	1420
23.2	1400
23.2	1380
23.3	1340
23.3	1390
23.3	1320
23.3	1350
23.4	1340
23.4	1350
23.4	1270
23.4	1230
23.5	1190
23.5	1190
23.5	1350
23.5	1340
23.6	1250
23.6	1230
23.6	1200
23.7	1170
23.7	1210
23.7	1210
23.7	1240
23.8	1220
23.8	1260
23.8	1190
23.8	1190
23.9	1160
23.9	1240
23.9	1200
23.9	1160
24	1180
24	1220
24	1220
24	1170
24.1	1160
24.1	1120
24.1	1130
24.1	1180
24.2	1190
24.2	1170
24.2	1150
24.2	1130
24.3	1120
24.3	1130
24.3	1140
24.4	1120
24.4	1140
24.4	1160
24.4	1110
24.5	1070
24.5	1090
24.5	1070
24.5	1080
24.6	1140
24.6	1090
24.6	1060
24.6	1100
24.7	1120
24.7	1120
24.7	1120
24.7	1070
24.8	988
24.8	1070
24.8	1070
24.8	1110
24.9	1090
24.9	1050
24.9	1030
25	997
25	1030
25	999
25	1020
25.1	1000
25.1	1060
25.1	1040
25.1	1090
25.2	1070
25.2	999
25.2	1030
25.2	1040
25.3	960
25.3	994
25.3	1070
25.3	1100
25.4	948
25.4	1070
25.4	934
25.4	1090
25.5	977
25.5	920
25.5	984
25.5	994
25.6	1130
25.6	925
25.6	933
25.7	875
25.7	1030
25.7	990
25.7	986
25.8	949
25.8	911
25.8	975
25.8	924
25.9	946
25.9	973
25.9	931
25.9	1020
26	1050
26	948
26	904
26	998
26.1	972
26.1	923
26.1	991
26.1	1060
26.2	988
26.2	976
26.2	891
26.3	933
26.3	920
26.3	900
26.3	916
26.4	901
26.4	918
26.4	934
26.4	980
26.5	916
26.5	943
26.5	973
26.5	934
26.6	947
26.6	948
26.6	915
26.6	904
26.7	955
26.7	945
26.7	932
26.7	940
26.8	933
26.8	900
26.8	904
26.8	917
26.9	923
26.9	923
26.9	941
27	984
27	894
27	782
27	804
27.1	871
27.1	893
27.1	892
27.1	891
27.2	897
27.2	880
27.2	806
27.2	914
27.3	908
27.3	879
27.3	859
27.3	849
27.4	865
27.4	859
27.4	856
27.4	857
27.5	906
27.5	897
27.5	874
27.6	932
27.6	930
27.6	786
27.6	813
27.7	814
27.7	859
27.7	857
27.7	886
27.8	855
27.8	848
27.8	908
27.8	905
27.9	836
27.9	814
27.9	771
27.9	860
28	866
28	819
28	782
28	816
28.1	796
28.1	821
28.1	820
28.1	836
28.2	858
28.2	815
28.2	835
28.3	865
28.3	802
28.3	815
28.3	948
28.4	862
28.4	784
28.4	810
28.4	796
28.5	808
28.5	786
28.5	851
28.5	857
28.6	868
28.6	803
28.6	864
28.6	857
28.7	774
28.7	824
28.7	780
28.7	762
28.8	831
28.8	775
28.8	806
28.9	835
28.9	794
28.9	774
28.9	792
29	769
29	755
29	819
29	819
29.1	788
29.1	742
29.1	750
29.1	809
29.2	813
29.2	783
29.2	835
29.2	786
29.3	736
29.3	742
29.3	762
29.3	814
29.4	810
29.4	755
29.4	786
29.4	828
29.5	883
29.5	854
29.5	754
29.6	720
29.6	747
29.6	785
29.6	736
29.7	722
29.7	768
29.7	727
29.7	744
29.8	811
29.8	790
29.8	792
29.8	768
29.9	785
29.9	778
29.9	750
29.9	803
30	828
30	750
30	781
30	720
30.1	776
30.1	808
30.1	796
30.2	693
30.2	712
30.2	731
30.2	751
30.3	787
30.3	763
30.3	809
30.3	850
30.4	807
30.4	774
30.4	777
30.4	798
30.5	723
30.5	746
30.5	736
30.5	727
30.6	738
30.6	734
30.6	778
30.6	789
30.7	885
30.7	728
30.7	732
30.7	762
30.8	765
30.8	727
30.8	733
30.9	709
30.9	855
30.9	888
30.9	784
31	803
31	849
31	838
31	765
31.1	767
31.1	785
31.1	783
31.1	765
31.2	820
31.2	784
31.2	822
31.2	783
31.3	710
31.3	823
31.3	840
31.3	865
31.4	805
31.4	761
31.4	764
31.5	814
31.5	791
31.5	773
31.5	772
31.6	776
31.6	795
31.6	836
31.6	774
31.7	791
31.7	750
31.7	781
31.7	778
31.8	799
31.8	778
31.8	754
31.8	762
31.9	803
31.9	790
31.9	788
31.9	760
32	744
32	807
32	802
32	766
32.1	811
32.1	803
32.1	755
32.2	769
32.2	799
32.2	804
32.2	764
32.3	737
32.3	754
32.3	784
32.3	803
32.4	796
32.4	784
32.4	768
32.4	797
32.5	825
32.5	799
32.5	785
32.5	784
32.6	794
32.6	800
32.6	746
32.6	787
32.7	728
32.7	836
32.7	838
32.8	753
32.8	758
32.8	751
32.8	821
32.9	815
32.9	819
32.9	831
32.9	841
33	885
33	856
33	795
33	792
33.1	787
33.1	821
33.1	827
33.1	794
33.2	810
33.2	830
33.2	834
33.2	809
33.3	806
33.3	850
33.3	753
33.3	793
33.4	865
33.4	853
33.4	822
33.5	822
33.5	835
33.5	949
33.5	735
33.6	826
33.6	856
33.6	845
33.6	833
33.7	864
33.7	806
33.7	871
33.7	835
33.8	840
33.8	905
33.8	941
33.8	810
33.9	815
33.9	816
33.9	826
33.9	828
34	875
34	941
34	832
34.1	889
34.1	876
34.1	841
34.1	881
34.2	801
34.2	830
34.2	903
34.2	864
34.3	888
34.3	849
34.3	863
34.3	881
34.4	905
34.4	915
34.4	844
34.4	819
34.5	833
34.5	853
34.5	877
34.5	859
34.6	859
34.6	902
34.6	891
34.6	863
34.7	852
34.7	878
34.7	899
34.8	918
34.8	901
34.8	875
34.8	884
34.9	911
34.9	904
34.9	868
34.9	906
35	907
35	889
35	873
35	883
35.1	920
35.1	922
35.1	929
35.1	908
35.2	919
35.2	948
35.2	902
35.2	923
35.3	935
35.3	924
35.3	933
35.4	929
35.4	910
35.4	948
35.4	887
35.5	865
35.5	920
35.5	936
35.5	943
35.6	937
35.6	923
35.6	981
35.6	959
35.7	1000
35.7	966
35.7	972
35.7	938
35.8	990
35.8	907
35.8	955
35.8	965
35.9	968
35.9	1020
35.9	986
35.9	962
36	1020
36	975
36	977
36.1	992
36.1	970
36.1	954
36.1	963
36.2	986
36.2	945
36.2	1060
36.2	1010
36.3	954
36.3	973
36.3	1070
36.3	1030
36.4	1100
36.4	1050
36.4	1040
36.4	996
36.5	983
36.5	1060
36.5	1120
36.5	1020
36.6	1070
36.6	1030
36.6	1100
36.7	1050
36.7	1040
36.7	1010
36.7	977
36.8	1010
36.8	997
36.8	1060
36.8	1070
36.9	1020
36.9	1030
36.9	1080
36.9	1040
37	1030
37	1060
37	1060
37	1040
37.1	1020
37.1	1060
37.1	1060
37.1	1030
37.2	1020
37.2	1000
37.2	988
37.2	954
37.3	983
37.3	1010
37.3	1010
37.4	986
37.4	948
37.4	977
37.4	987
37.5	946
37.5	942
37.5	945
37.5	922
37.6	918
37.6	942
37.6	922
37.6	922
37.7	968
37.7	988
37.7	957
37.7	966
37.8	993
37.8	974
37.8	972
37.8	936
37.9	940
37.9	951
37.9	932
38	970
38	958
38	951
38	962
38.1	1000
38.1	1040
38.1	1010
38.1	908
38.2	901
38.2	952
38.2	968
38.2	916
38.3	933
38.3	1030
38.3	1040
38.3	990
38.4	1030
38.4	997
38.4	1000
38.4	950
38.5	1010
38.5	963
38.5	1020
38.5	1010
38.6	1010
38.6	951
38.6	997
38.7	1020
38.7	1040
38.7	977
38.7	1050
38.8	1050
38.8	953
38.8	960
38.8	1040
38.9	1020
38.9	1050
38.9	1030
38.9	1050
39	1020
39	990
39	1020
39	1100
39.1	1070
39.1	984
39.1	1050
39.1	1070
39.2	977
39.2	1000
39.2	1020
39.3	1050
39.3	1070
39.3	1010
39.3	1050
39.4	1040
39.4	1050
39.4	1110
39.4	1090
39.5	1060
39.5	1060
39.5	1030
39.5	1030
39.6	1010
39.6	1030
39.6	1040
39.6	1020
39.7	1030
39.7	1000
39.7	1030
39.7	1080
39.8	1100
39.8	1080
39.8	1070
39.8	1100
39.9	1050
39.9	1000
39.9	1030
40	1010
40	1020
40	1050
40	1040
40.1	1040
40.1	1040
40.1	1070
40.1	1100
40.2	1070
40.2	1030
40.2	1040
40.2	1060
40.3	1060
40.3	1020
40.3	1040
40.3	1070
40.4	1060
40.4	1010
40.4	1020
40.4	1040
40.5	1030
40.5	1050
40.5	1030
40.6	1040
40.6	1030
40.6	1070
40.6	1060
40.7	1070
40.7	1050
40.7	988
40.7	1060
40.8	1000
40.8	1010
40.8	971
40.8	1010
40.9	983
40.9	1020
40.9	1030
40.9	1050
41	1030
41	1020
41	1030
41	972
41.1	981
41.1	995
41.1	1040
41.1	1030
41.2	1000
41.2	1040
41.2	986
41.3	1010
41.3	998
41.3	1000
41.3	965
41.4	963
41.4	972
41.4	990
41.4	1090
41.5	1010
41.5	912
41.5	937
41.5	942
41.6	959
41.6	984
41.6	1000
41.6	1010
41.7	980
41.7	960
41.7	949
41.7	1030
41.8	969
41.8	967
41.8	947
41.9	922
41.9	903
41.9	923
41.9	962
42	963
42	950
42	968
42	963
42.1	945
42.1	943
42.1	924
42.1	930
42.2	939
42.2	957
42.2	921
42.2	876
42.3	905
42.3	891
42.3	895
42.3	901
42.4	895
42.4	890
42.4	926
42.4	889
42.5	893
42.5	904
42.5	908
42.6	886
42.6	813
42.6	827
42.6	884
42.7	908
42.7	921
42.7	905
42.7	867
42.8	865
42.8	894
42.8	877
42.8	861
42.9	881
42.9	835
42.9	872
42.9	945
43	892
43	888
43	876
43	841
43.1	869
43.1	883
43.1	845
43.2	820
43.2	843
43.2	843
43.2	836
43.3	826
43.3	791
43.3	765
43.3	808
43.4	842
43.4	802
43.4	773
43.4	792
43.5	781
43.5	779
43.5	749
43.5	790
43.6	781
43.6	757
43.6	757
43.6	699
43.7	727
43.7	800
43.7	774
43.7	767
43.8	742
43.8	686
43.8	788
43.9	687
43.9	709
43.9	757
43.9	767
44	779
44	712
44	715
44	737
44.1	730
44.1	767
44.1	741
44.1	732
44.2	745
44.2	707
44.2	746
44.2	763
44.3	737
44.3	733
44.3	739
44.3	731
44.4	733
44.4	714
44.4	724
44.5	691
44.5	734
44.5	689
44.5	657
44.6	707
44.6	676
44.6	663
44.6	650
44.7	663
44.7	660
44.7	730
44.7	704
44.8	639
44.8	689
44.8	717
44.8	693
44.9	714
44.9	712
44.9	692
44.9	679
45	690
45	674
45	672
45	713
45.1	724
45.1	701
45.1	680
45.2	682
45.2	664
45.2	671
45.2	684
45.3	675
45.3	678
45.3	643
45.3	627
45.4	652
45.4	658
45.4	635
45.4	623
45.5	651
45.5	652
45.5	663
45.5	653
45.6	651
45.6	660
45.6	612
45.6	632
45.7	688
45.7	652
45.7	649
45.8	657
45.8	644
45.8	635
45.8	636
45.9	641
45.9	668
45.9	685
45.9	645
46	645
46	610
46	635
46	644
46.1	650
46.1	609
46.1	620
46.1	646
46.2	613
46.2	597
46.2	595
46.2	624
46.3	682
46.3	618
46.3	643
46.3	645
46.4	652
46.4	605
46.4	633
46.5	642
46.5	622
46.5	648
46.5	604
46.6	659
46.6	598
46.6	617
46.6	598
46.7	648
46.7	626
46.7	615
46.7	636
46.8	636
46.8	624
46.8	611
46.8	651
46.9	584
46.9	607
46.9	601
46.9	556
47	553
47	612
47	593
47.1	634
47.1	601
47.1	620
47.1	562
47.2	563
47.2	545
47.2	572
47.2	635
47.3	581
47.3	571
47.3	601
47.3	575
47.4	577
47.4	583
47.4	611
47.4	598
47.5	592
47.5	624
47.5	605
47.5	606
47.6	610
47.6	589
47.6	571
47.6	597
47.7	593
47.7	575
47.7	586
47.8	608
47.8	614
47.8	601
47.8	596
47.9	592
47.9	584
47.9	588
47.9	573
48	555
48	560
48	558
48	578
48.1	614
48.1	612
48.1	582
48.1	582
48.2	589
48.2	582
48.2	571
48.2	557
48.3	568
48.3	545
48.3	551
48.4	580
48.4	584
48.4	571
48.4	583
48.5	602
48.5	536
48.5	576
48.5	560
48.6	549
48.6	572
48.6	537
48.6	540
48.7	553
48.7	560
48.7	581
48.7	561
48.8	582
48.8	590
48.8	581
48.8	544
48.9	559
48.9	543
48.9	568
48.9	587
49	540
49	533
49	557
49.1	512
49.1	557
49.1	589
49.1	555
49.2	576
49.2	545
49.2	516
49.2	543
49.3	543
49.3	574
49.3	549
49.3	580
49.4	581
49.4	546
49.4	546
49.4	571
49.5	544
49.5	531
49.5	539
49.5	489
49.6	512
49.6	527
49.6	546
49.7	532
49.7	508
49.7	531
49.7	512
49.8	524
49.8	536
49.8	551
49.8	547
49.9	542
49.9	545
49.9	559
49.9	520
50	521
50	545
50	513
50	524
50.1	555
50.1	522
50.1	499
50.1	514
50.2	529
50.2	548
50.2	548
50.2	526
50.3	545
50.3	540
50.3	547
50.4	535
50.4	528
50.4	542
50.4	551
50.5	548
50.5	535
50.5	540
50.5	535
50.6	555
50.6	554
50.6	521
50.6	528
50.7	522
50.7	514
50.7	496
50.7	507
50.8	537
50.8	545
50.8	531
50.8	524
50.9	542
50.9	519
50.9	496
51	504
51	499
51	515
51	523
51.1	533
51.1	561
51.1	522
51.1	507
51.2	554
51.2	554
51.2	572
51.2	531
51.3	546
51.3	560
51.3	536
51.3	556
51.4	562
51.4	525
51.4	559
51.4	527
51.5	527
51.5	519
51.5	550
51.5	491
51.6	526
51.6	561
51.6	527
51.7	484
51.7	523
51.7	562
51.7	543
51.8	518
51.8	561
51.8	518
51.8	532
51.9	519
51.9	563
51.9	506
51.9	519
52	483
52	530
52	479
52	518
52.1	518
52.1	517
52.1	506
52.1	516
52.2	526
52.2	523
52.2	517
52.3	539
52.3	541
52.3	527
52.3	510
52.4	523
52.4	539
52.4	537
52.4	570
52.5	561
52.5	509
52.5	510
52.5	509
52.6	528
52.6	521
52.6	541
52.6	517
52.7	501
52.7	511
52.7	504
52.7	499
52.8	542
52.8	555
52.8	501
52.8	502
52.9	516
52.9	505
52.9	480
53	484
53	513
53	505
53	477
53.1	509
53.1	537
53.1	536
53.1	513
53.2	496
53.2	497
53.2	489
53.2	503
53.3	501
53.3	519
53.3	553
53.3	520
53.4	489
53.4	491
53.4	481
53.4	520
53.5	524
53.5	507
53.5	467
53.6	474
53.6	498
53.6	502
53.6	525
53.7	528
53.7	521
53.7	497
53.7	497
53.8	510
53.8	524
53.8	516
53.8	485
53.9	502
53.9	481
53.9	530
53.9	526
54	495
54	476
54	499
54	503
54.1	460
54.1	474
54.1	501
54.1	479
54.2	498
54.2	473
54.2	478
54.3	482
54.3	519
54.3	517
54.3	510
54.4	441
54.4	518
54.4	477
54.4	497
54.5	497
54.5	474
54.5	504
54.5	469
54.6	475
54.6	497
54.6	446
54.6	453
54.7	457
54.7	466
54.7	499
54.7	502
54.8	504
54.8	511
54.8	465
54.9	466
54.9	485
54.9	482
54.9	504
55	476
55	507
55	488
55	499
55.1	485
55.1	468
55.1	459
55.1	449
55.2	485
55.2	466
55.2	493
55.2	498
55.3	475
55.3	462
55.3	461
55.3	500
55.4	488
55.4	450
55.4	437
55.4	469
55.5	468
55.5	476
55.5	473
55.6	492
55.6	489
55.6	457
55.6	473
55.7	485
55.7	488
55.7	490
55.7	467
55.8	480
55.8	488
55.8	474
55.8	482
55.9	455
55.9	440
55.9	484
55.9	495
56	460
56	443
56	460
56	505
56.1	494
56.1	459
56.1	482
56.2	477
56.2	495
56.2	495
56.2	510
56.3	517
56.3	484
56.3	488
56.3	496
56.4	465
56.4	462
56.4	503
56.4	506
56.5	517
56.5	519
56.5	514
56.5	469
56.6	471
56.6	509
56.6	508
56.6	486
56.7	449
56.7	467
56.7	505
56.7	487
56.8	482
56.8	506
56.8	485
56.9	466
56.9	434
56.9	453
56.9	487
57	511
57	466
57	493
57	484
57.1	471
57.1	485
57.1	474
57.1	487
57.2	525
57.2	504
57.2	457
57.2	375
57.3	486
57.3	455
57.3	470
57.3	430
57.4	455
57.4	504
57.4	517
57.5	456
57.5	478
57.5	453
57.5	414
57.6	460
57.6	447
57.6	468
57.6	463
57.7	456
57.7	435
57.7	434
57.7	410
57.8	421
57.8	416
57.8	442
57.8	432
57.9	423
57.9	447
57.9	454
57.9	451
58	416
58	432
58	414
58	409
58.1	424
58.1	436
58.1	454
58.2	429
58.2	428
58.2	433
58.2	407
58.3	439
58.3	458
58.3	417
58.3	403
58.4	420
58.4	428
58.4	421
58.4	397
58.5	394
58.5	401
58.5	415
58.5	434
58.6	423
58.6	442
58.6	416
58.6	388
58.7	399
58.7	407
58.7	405
58.8	404
58.8	404
58.8	420
58.8	400
58.9	396
58.9	395
58.9	391
58.9	384
59	396
59	403
59	411
59	411
59.1	377
59.1	394
59.1	401
59.1	404
59.2	422
59.2	427
59.2	406
59.2	412
59.3	387
59.3	367
59.3	409
59.3	420
59.4	405
59.4	406
59.4	397
59.5	405
59.5	393
59.5	376
59.5	350
59.6	384
59.6	377
59.6	389
59.6	418
59.7	389
59.7	402
59.7	408
59.7	435
59.8	371
59.8	387
59.8	398
59.8	363
59.9	402
59.9	375
59.9	395
59.9	387
60	389
60	367
60	376
60.1	375
60.1	374
60.1	360
60.1	366
60.2	394
60.2	372
60.2	371
60.2	378
60.3	365
60.3	371
60.3	369
60.3	362
60.4	385
60.4	358
60.4	348
60.4	365
60.5	370
60.5	359
60.5	373
60.5	392
60.6	397
60.6	380
60.6	371
60.6	373
60.7	377
60.7	366
60.7	347
60.8	345
60.8	362
60.8	368
60.8	364
60.9	353
60.9	361
60.9	374
60.9	382
61	393
61	373
61	366
61	351
61.1	343
61.1	376
61.1	386
61.1	377
61.2	358
61.2	368
61.2	389
61.2	376
61.3	332
61.3	354
61.3	366
61.4	342
61.4	355
61.4	369
61.4	380
61.5	356
61.5	342
61.5	354
61.5	364
61.6	382
61.6	377
61.6	377
61.6	365
61.7	356
61.7	364
61.7	353
61.7	343
61.8	369
61.8	367
61.8	361
61.8	354
61.9	358
61.9	374
61.9	346
61.9	374
62	352
62	361
62	377
62.1	355
62.1	372
62.1	347
62.1	365
62.2	362
62.2	406
62.2	359
62.2	341
62.3	358
62.3	368
62.3	363
62.3	352
62.4	367
62.4	372
62.4	350
62.4	361
62.5	335
62.5	342
62.5	369
62.5	326
62.6	345
62.6	321
62.6	335
62.7	343
62.7	330
62.7	341
62.7	325
62.8	332
62.8	340
62.8	353
62.8	358
62.9	316
62.9	337
62.9	352
62.9	357
63	344
63	338
63	333
63	350
63.1	342
63.1	380
63.1	379
63.1	349
63.2	352
63.2	360
63.2	352
63.2	371
63.3	358
63.3	340
63.3	354
63.4	351
63.4	349
63.4	352
63.4	350
63.5	339
63.5	350
63.5	346
63.5	330
63.6	345
63.6	353
63.6	326
63.6	330
63.7	349
63.7	337
63.7	327
63.7	327
63.8	332
63.8	326
63.8	341
63.8	359
63.9	351
63.9	341
63.9	351
64	337
64	331
64	343
64	368
64.1	351
64.1	334
64.1	322
64.1	332
64.2	324
64.2	316
64.2	327
64.2	357
64.3	362
64.3	340
64.3	338
64.3	367
64.4	353
64.4	347
64.4	350
64.4	322
64.5	327
64.5	326
64.5	309
64.5	320
64.6	356
64.6	341
64.6	329
64.7	314
64.7	339
64.7	302
64.7	367
64.8	335
64.8	318
64.8	295
64.8	318
64.9	342
64.9	350
64.9	354
64.9	340
65	325
65	367
65	310
65	337
65.1	343
65.1	309
65.1	330
65.1	386
65.2	358
65.2	336
65.2	325
65.3	346
65.3	327
65.3	335
65.3	338
65.4	341
65.4	338
65.4	362
65.4	333
65.5	322
65.5	326
65.5	349
65.5	347
65.6	366
65.6	338
65.6	316
65.6	322
65.7	351
65.7	346
65.7	336
65.7	325
65.8	330
65.8	315
65.8	329
65.8	352
65.9	366
65.9	331
65.9	325
66	324
66	334
66	340
66	331
66.1	321
66.1	354
66.1	379
66.1	339
66.2	321
66.2	329
66.2	333
66.2	344
66.3	344
66.3	341
66.3	341
66.3	351
66.4	357
66.4	342
66.4	332
66.4	327
66.5	322
66.5	316
66.5	325
66.6	329
66.6	326
66.6	316
66.6	338
66.7	308
66.7	328
66.7	350
66.7	331
66.8	316
66.8	341
66.8	335
66.8	341
66.9	329
66.9	332
66.9	345
66.9	334
67	322
67	342
67	338
67	330
67.1	325
67.1	321
67.1	324
67.1	317
67.2	331
67.2	328
67.2	309
67.3	372
67.3	324
67.3	337
67.3	309
67.4	316
67.4	345
67.4	377
67.4	360
67.5	335
67.5	317
67.5	305
67.5	340
67.6	319
67.6	308
67.6	345
67.6	330
67.7	297
67.7	320
67.7	356
67.7	336
67.8	326
67.8	333
67.8	327
67.9	322
67.9	314
67.9	333
67.9	326
68	319
68	306
68	330
68	339
68.1	337
68.1	333
68.1	298
68.1	308
68.2	326
68.2	340
68.2	320
68.2	322
68.3	326
68.3	334
68.3	333
68.3	335
68.4	331
68.4	349
68.4	332
68.4	327
68.5	325
68.5	338
68.5	342
68.6	321
68.6	309
68.6	334
68.6	350
68.7	337
68.7	335
68.7	307
68.7	309
68.8	322
68.8	328
68.8	331
68.8	335
68.9	337
68.9	337
68.9	326
68.9	301
69	303
69	310
69	324
69	313
69.1	319
69.1	350
69.1	353
69.2	345
69.2	325
69.2	305
69.2	300
69.3	313
69.3	326
69.3	325
69.3	329
69.4	314
69.4	350
69.4	334
69.4	343
69.5	351
69.5	333
69.5	329
69.5	336
69.6	314
69.6	326
69.6	330
69.6	318
69.7	315
69.7	339
69.7	324
69.7	328
69.8	319
69.8	335
69.8	324
69.9	338
69.9	338
69.9	319
69.9	294
70	319
70	334
70	316
70	317
70.1	336
70.1	308
70.1	307
70.1	301
70.2	320
70.2	310
70.2	317
70.2	322
70.3	336
70.3	289
70.3	315
70.3	309
70.4	310
70.4	289
70.4	293
70.5	335
70.5	348
70.5	337
70.5	320
70.6	340
70.6	346
70.6	329
70.6	325
70.7	327
70.7	316
70.7	306
70.7	321
70.8	327
70.8	321
70.8	317
70.8	321
70.9	328
70.9	329
70.9	329
70.9	291
71	306
71	314
71	328
71	334
71.1	309
71.1	317
71.1	344
71.2	337
71.2	316
71.2	325
71.2	327
71.3	305
71.3	301
71.3	318
71.3	345
71.4	342
71.4	333
71.4	344
71.4	342
71.5	329
71.5	339
71.5	344
71.5	334
71.6	334
71.6	336
71.6	331
71.6	324
71.7	332
71.7	324
71.7	313
71.8	328
71.8	343
71.8	356
71.8	340
71.9	311
71.9	321
71.9	331
71.9	306
72	317
72	293
72	286
72	310
72.1	305
72.1	322
72.1	324
72.1	329
72.2	317
72.2	316
72.2	326
72.2	353
72.3	310
72.3	311
72.3	302
72.3	351
72.4	304
72.4	336
72.4	323
72.5	299
72.5	349
72.5	309
72.5	351
72.6	336
72.6	322
72.6	326
72.6	343
72.7	390
72.7	322
72.7	330
72.7	255
72.8	306
72.8	297
72.8	313
72.8	323
72.9	322
72.9	315
72.9	332
72.9	310
73	309
73	330
73	314
73.1	314
73.1	320
73.1	298
73.1	350
73.2	330
73.2	308
73.2	299
73.2	293
73.3	323
73.3	305
73.3	311
73.3	296
73.4	319
73.4	325
73.4	320
73.4	306
73.5	329
73.5	346
73.5	343
73.5	333
73.6	319
73.6	274
73.6	297
73.6	338
73.7	346
73.7	316
73.7	301
73.8	297
73.8	293
73.8	317
73.8	317
73.9	309
73.9	318
73.9	321
73.9	325
74	325
74	315
74	305
74	316
74.1	332
74.1	318
74.1	298
74.1	314
74.2	329
74.2	324
74.2	317
74.2	319
74.3	330
74.3	325
74.3	330
74.4	323
74.4	313
74.4	313
74.4	319
74.5	309
74.5	296
74.5	334
74.5	333
74.6	308
74.6	309
74.6	311
74.6	333
74.7	325
74.7	347
74.7	324
74.7	332
74.8	316
74.8	302
74.8	320
74.8	323
74.9	322
74.9	334
74.9	314
74.9	332
75	291
75	315
75	337
75.1	325
75.1	341
75.1	330
75.1	334
75.2	320
75.2	305
75.2	289
75.2	322
75.3	310
75.3	336
75.3	289
75.3	314
75.4	302
75.4	332
75.4	316
75.4	315
75.5	339
75.5	319
75.5	309
75.5	308
75.6	300
75.6	316
75.6	308
75.7	320
75.7	324
75.7	328
75.7	322
75.8	310
75.8	331
75.8	321
75.8	336
75.9	342
75.9	308
75.9	317
75.9	320
76	304
76	320
76	309
76	312
76.1	304
76.1	325
76.1	336
76.1	318
76.2	317
76.2	314
76.2	318
76.2	318
76.3	326
76.3	335
76.3	332
76.4	312
76.4	315
76.4	325
76.4	332
76.5	330
76.5	339
76.5	339
76.5	329
76.6	334
76.6	314
76.6	311
76.6	322
76.7	330
76.7	322
76.7	312
76.7	311
76.8	307
76.8	315
76.8	315
76.8	316
76.9	313
76.9	305
76.9	303
77	309
77	333
77	333
77	318
77.1	310
77.1	309
77.1	311
77.1	322
77.2	314
77.2	317
77.2	322
77.2	303
77.3	290
77.3	293
77.3	300
77.3	321
77.4	310
77.4	317
77.4	309
77.4	311
77.5	335
77.5	348
77.5	306
77.5	294
77.6	330
77.6	302
77.6	329
77.7	320
77.7	336
77.7	317
77.7	335
77.8	314
77.8	315
77.8	300
77.8	323
77.9	310
77.9	313
77.9	341
77.9	313
78	278
78	307
78	324
78	323
78.1	333
78.1	309
78.1	294
78.1	326
78.2	319
78.2	305
78.2	315
78.3	308
78.3	317
78.3	273
78.3	311
78.4	320
78.4	292
78.4	334
78.4	305
78.5	321
78.5	347
78.5	343
78.5	302
78.6	288
78.6	318
78.6	342
78.6	308
78.7	312
78.7	302
78.7	334
78.7	319
78.8	302
78.8	293
78.8	330
78.8	319
78.9	323
78.9	342
78.9	340
79	321
79	315
79	336
79	320
79.1	303
79.1	319
79.1	314
79.1	293
79.2	307
79.2	305
79.2	293
79.2	320
79.3	325
79.3	318
79.3	314
79.3	310
79.4	311
79.4	304
79.4	300
79.4	310
79.5	319
79.5	309
79.5	302
79.6	285
79.6	295
79.6	328
79.6	329
79.7	308
79.7	306
79.7	307
79.7	296
79.8	316
79.8	304
79.8	316
79.8	300
79.9	300
79.9	311
79.9	328
79.9	326
80	333